MACS0647_photometry.ecsv
# %ECSV 1.0
# ---
# datatype:
# - {name: id, datatype: int64, format: d}
# - {name: xcentroid, datatype: float64, format: .4f}
# - {name: ycentroid, datatype: float64, format: .4f}
# - {name: ra, unit: deg, datatype: float64, format: 11.7f}
# - {name: dec, unit: deg, datatype: float64, format: ' 11.7f'}
# - {name: area, unit: pix2, datatype: float64, format: .0f}
# - {name: a, unit: pix, datatype: float64, format: .4f}
# - {name: b, unit: pix, datatype: float64, format: .4f}
# - {name: ellipticity, datatype: float64, format: .4f}
# - {name: orientation, unit: deg, datatype: float64, format: .4f}
# - {name: gini, datatype: float64, format: .4f}
# - {name: kron_radius, unit: pix, datatype: float64, format: .4f}
# - {name: local_background, datatype: float64, format: .4f}
# - {name: total_flux_cor, datatype: float64, format: .4f}
# - {name: F115W_flux, unit: nJy, datatype: float64, format: .4f}
# - {name: F115W_fluxerr, unit: nJy, datatype: float32, format: .4f}
# - {name: F115W_mag, unit: mag(AB), datatype: float64, format: .4f}
# - {name: F115W_magerr, unit: mag(AB), datatype: float64, format: .4f}
# - {name: F150W_flux, unit: nJy, datatype: float64, format: .4f}
# - {name: F150W_fluxerr, unit: nJy, datatype: float32, format: .4f}
# - {name: F150W_mag, unit: mag(AB), datatype: float64, format: .4f}
# - {name: F150W_magerr, unit: mag(AB), datatype: float64, format: .4f}
# - {name: F200W_flux, unit: nJy, datatype: float64, format: .4f}
# - {name: F200W_fluxerr, unit: nJy, datatype: float32, format: .4f}
# - {name: F200W_mag, unit: mag(AB), datatype: float64, format: .4f}
# - {name: F200W_magerr, unit: mag(AB), datatype: float64, format: .4f}
# - {name: F277W_flux, unit: nJy, datatype: float64, format: .4f}
# - {name: F277W_fluxerr, unit: nJy, datatype: float32, format: .4f}
# - {name: F277W_mag, unit: mag(AB), datatype: float64}
# - {name: F277W_magerr, unit: mag(AB), datatype: float64}
# - {name: F356W_flux, unit: nJy, datatype: float64, format: .4f}
# - {name: F356W_fluxerr, unit: nJy, datatype: float32, format: .4f}
# - {name: F356W_mag, unit: mag(AB), datatype: float64}
# - {name: F356W_magerr, unit: mag(AB), datatype: float64}
# - {name: F444W_flux, unit: nJy, datatype: float64, format: .4f}
# - {name: F444W_fluxerr, unit: nJy, datatype: float32, format: .4f}
# - {name: F444W_mag, unit: mag(AB), datatype: float64}
# - {name: F444W_magerr, unit: mag(AB), datatype: float64}
# - {name: F480M_flux, unit: nJy, datatype: float64, format: .4f}
# - {name: F480M_fluxerr, unit: nJy, datatype: float32, format: .4f}
# - {name: F480M_mag, unit: mag(AB), datatype: float64}
# - {name: F480M_magerr, unit: mag(AB), datatype: float64}
# - {name: F277W_PSF_flux_cor, datatype: float64, format: .4f}
# - {name: F356W_PSF_flux_cor, datatype: float64, format: .4f}
# - {name: F444W_PSF_flux_cor, datatype: float64, format: .4f}
# - {name: F480M_PSF_flux_cor, datatype: float64, format: .4f}
# meta:
#   __serialized_columns__:
#     F115W_flux:
#       __class__: astropy.units.quantity.Quantity
#       unit: &id001 !astropy.units.Unit {unit: nJy}
#       value: !astropy.table.SerializedColumn {name: F115W_flux}
#     F115W_fluxerr:
#       __class__: astropy.units.quantity.Quantity
#       unit: *id001
#       value: !astropy.table.SerializedColumn {name: F115W_fluxerr}
#     F115W_mag:
[...]
#     ellipticity:
#       __class__: astropy.units.quantity.Quantity
#       unit: !astropy.units.Unit {unit: ''}
#       value: !astropy.table.SerializedColumn {name: ellipticity}
#     kron_radius:
#       __class__: astropy.units.quantity.Quantity
#       unit: !astropy.units.Unit {unit: pix}
#       value: !astropy.table.SerializedColumn {name: kron_radius}
#     orientation:
#       __class__: astropy.units.quantity.Quantity
#       unit: *id003
#       value: !astropy.table.SerializedColumn {name: orientation}
#     ra:
#       __class__: astropy.units.quantity.Quantity
#       unit: *id003
#       value: !astropy.table.SerializedColumn {name: ra}
#     total_flux_cor:
#       __class__: astropy.units.quantity.Quantity
#       unit: !astropy.units.Unit {unit: ''}
#       value: !astropy.table.SerializedColumn {name: total_flux_cor}
#   date: 2022-05-30 07:57:25 EDT
#   version: {Python: 3.10.2, astropy: 5.0.4, bottleneck: 1.3.4, gwcs: 0.18.1, matplotlib: 3.5.1, numpy: 1.22.4, photutils: 1.4.0, scipy: 1.8.0,
#     skimage: 0.19.2, sklearn: 1.1.1}
# schema: astropy-2.0
id xcentroid ycentroid ra dec area a b ellipticity orientation gini kron_radius local_background total_flux_cor F115W_flux F115W_fluxerr F115W_mag F115W_magerr F150W_flux F150W_fluxerr F150W_mag F150W_magerr F200W_flux F200W_fluxerr F200W_mag F200W_magerr F277W_flux F277W_fluxerr F277W_mag F277W_magerr F356W_flux F356W_fluxerr F356W_mag F356W_magerr F444W_flux F444W_fluxerr F444W_mag F444W_magerr F480M_flux F480M_fluxerr F480M_mag F480M_magerr F277W_PSF_flux_cor F356W_PSF_flux_cor F444W_PSF_flux_cor F480M_PSF_flux_cor
[from data line 579]
580 2384.0647600041534 2550.129916577633 101.94352832485235 70.25858688421502 182.0 4.792838334116714 2.7092692194073664 0.43472551533356363 27.917330159896643 0.17790608706634464 2.8186541336435176 0.0010106209034834363 2.515235099853822 137.4319679851343 23.001282 26.054780586227984 0.16801653706550101 277.6571676434199 18.999962 25.29122777713524 0.07186474913280674 410.812050584049 11.249586 24.86589206370079 0.029331761533242608 535.0125006422912 7.3878646 24.579090176271492 0.014890109513137472 805.4791690658478 7.3440347 24.134864216562356 0.009854448964176416 1602.2652310150165 10.467737 23.388163978382458 0.0070701385905579854 671.64886589488 30.141008 24.33214428559171 0.047662029931317684 1.0386098961776364 1.043735960854728 1.052110012495717 1.0566874855326291
581 2851.6317329969384 2555.2866873025027 101.92851301463435 70.25971447303588 44.0 2.6929296710599995 1.4135234682503448 0.4750982606634695 -38.30969540171748 0.1332596294136101 3.0548704602188237 0.0010885933394252476 3.653208861247752 103.66341479537446 17.118114 26.36093622271861 0.1659375290150161 102.87983309924257 14.165512 26.369174372425427 0.14005973671245978 124.81067248130867 8.125099 26.15937069205131 0.06847534081490972 79.96514253435058 5.8177013 26.642748210769614 0.07624931046616287 103.8172058731115 5.6971908 26.359326659655707 0.058004696591833674 129.73938560205679 8.143775 26.11732040764906 0.0660984822596642 95.68801217536934 25.449713 26.447856168415612 0.25605470085952603 1.2174634289161783 1.231608243799832 1.247045859670758 1.2550657245027224
582 2990.0093345219034 2559.908258788212 101.92408986415995 70.26008160116719 181.0 3.610768560323756 2.905026973293452 0.1954546726658727 61.871631374210665 0.30901518806050543 2.015378564336817 -7.802740907536152e-05 1.4869423718238932 257.17475068988244 14.325751 25.374429181266297 0.05885577370021919 403.1139361300518 11.912952 24.88643046877167 0.03162105578005149 383.8466415838881 6.95393 24.939605637108542 0.01949361181958908 377.53649722132644 4.47091 24.957602644685323 0.012782105076968031 517.0503413378367 4.4435596 24.61616792707712 0.009291011072230274 693.8419371698632 6.0598235 24.296848635222247 0.00944135030277131 475.6736117953073 18.10453 24.706727351477365 0.04055700470102404 1.0469537605820607 1.0557225951003768 1.0649866817508031 1.070725614432995
583 2141.476155616511 2565.9628611042813 101.95144381724604 70.25820257931181 42.0 3.2558339945635772 0.9843668130507583 0.6976606256048672 80.80505054851413 0.14390970708169507 2.997920142506874 0.002576337243968819 2.5639665347492344 69.14260290797796 11.827855 26.800635688130477 0.17145217562160087 92.57698690129861 9.626453 26.48374239571155 0.10740618628769975 97.63994091606735 5.5865765 26.42593123013819 0.06040941998364553 54.41942279093896 4.7635527 27.060615172379237 0.09110716179798095 59.4806614453405 4.6242595 26.964060526549375 0.08128894844204197 73.08016804172314 6.5582604 26.740501156736446 0.09330786033548692 45.95355899171816 20.512228 27.244202119801887 0.40069749851145087 1.3934686907806533 1.4202734092480402 1.450699123837595 1.4745253818695987
584 878.8315355417251 2571.8904752713393 101.99211711452224 70.2553653506649 54.0 3.0593083554542266 1.5053774555575272 0.507935362947741 -36.48043319374389 0.16077646764042994 2.850376895903088 0.0009641161168613501 3.048994453408658 131.3005227844068 18.407526 26.10433386181493 0.1424467361678684 161.08907179986437 14.453383 25.882334802241793 0.09329022057995852 150.30200611374855 8.455013 25.957588056877427 0.05942039525648825 99.47441726979447 5.250264 26.40572149077698 0.05584411065991988 129.76996150743014 5.1423182 26.117064560466826 0.042193263179450095 148.4877328477527 7.1596766 25.970773559075482 0.05112830074431162 108.48715899389225 22.42662 26.31155415933419 0.2040175621128183 1.2055142634816505 1.2175630416011007 1.2328579567125673 1.2425478376212102
585 2734.4732429350165 2574.4829740441137 101.93241453706845 70.2596548072019 55.0 2.601553802354098 1.4793683934465292 0.43135198968098365 -57.31946988543595 0.15621081260904324 2.439503005163369 0.0008293351281978456 1.813557084396329 10.346550148038252 9.203144 28.8630110823833 0.6908609876941741 24.59049139454292 7.5464478 27.923081981548272 0.29059325134855346 95.20020524513882 4.514884 26.453405288263205 0.05030749583211376 71.59549188113223 3.3508444 26.762785807106972 0.04966182538269786 73.05638621376293 3.2722652 26.74085453569753 0.04757350880929757 77.11768452229796 4.5580626 26.682115046773873 0.062347835752811644 96.66043174789237 14.316324 26.43687817338317 0.14995823733419594 1.2347292544068342 1.2545170203821319 1.278757199117271 1.2917200687611865
586 516.1265376631578 2574.7347021944543 102.00380655879306 70.25456104382974 23.0 1.6675274184855529 1.0395571333337954 0.3765876819717181 -35.641463265402464 0.13692185120121006 3.0684022313464374 0.0007159729005808201 3.5338872288148186 71.66844068324772 13.73254 26.761680111333057 0.19033725239343718 90.73380946240222 10.913864 26.505577137174452 0.12332074403109408 77.61488411330903 6.4161043 26.67513746655706 0.08623614645392932 54.81281391215948 4.349598 27.052794755212016 0.08290943106577105 63.58383622711384 4.1962996 26.891633182952823 0.06938926920103321 106.64323056002227 6.166403 26.33016676811105 0.0610322376137716 124.8688178671359 19.377441 26.15886499932032 0.15662639794534988 1.3254788654186913 1.3487046185834193 1.3746584507854451 1.3921629174502304
587 387.5008824036114 2585.293556649935 102.00801689815252 70.25437943720112 185.0 3.283271519646693 2.8303757388877555 0.13794039818177228 29.56214204355801 0.4079730806122476 2.1098603375356295 0.0011793309256209847 1.3510470158179229 180.26995801758514 14.656196 25.76019160602087 0.08486689171498445 408.70940131126537 12.042459 24.87146343085775 0.03152854073354318 540.81200295323 7.219059 24.56738419522473 0.014397131824752551 743.3394780468926 4.1555204 24.222032004052643 0.0060527318709731 1230.3996611936614 4.403301 23.674884492827964 0.003878649241542543 2896.7052514873153 6.567047 22.745239233310034 0.002458659124433666 816.9885453969642 16.101889 24.11946008114682 0.021190450446108258 1.0164456751547315 1.0232415440230112 1.0315126151616931 1.0364327366081365
588 246.53904616261883 2584.969019037712 102.0125497807511 70.25405099802403 176.0 4.094572375768889 2.8876899097417255 0.29475177265624286 -3.040274592738757 0.20450627960028553 2.6599144671103523 0.0011851597181115657 2.0995561944290912 166.27993202819732 22.104776 25.847900404241003 0.13551452081289644 339.3301210913506 17.852648 25.0734439697853 0.055670216394102946 490.0296793608267 10.62294 24.674444038743573 0.02328527109980611 643.6982213028199 5.8965006 24.37829422733074 0.009900446087658978 1067.978278663697 6.0403695 23.8285939505543 0.00612350575296325 2489.5090248195215 8.90977 22.90971573751808 0.0038788332616358613 883.5030186855474 24.408627 24.03447990572627 0.029588872153088506 1.0353054291232453 1.0422512820347325 1.0508378734455814 1.0566320701197054
589 1181.8343384873197 2582.7506713125413 101.98244119999688 70.25618056926999 15.0 1.3708414166160736 0.8412283163712864 0.3863416248045225 51.898139956311326 0.114073304349788 3.1333357994655078 0.0019148323618178448 3.071883562521742 21.00291581197779 9.495604 28.09430102112387 0.4049978985243047 32.66083987542811 7.604822 27.6149316288687 0.22726874378964995 42.32098336414213 4.5069594 27.33361062413238 0.10987332732109495 40.64578781286504 3.4998095 27.37746113590137 0.08967962955131381 37.32779418116338 3.3526034 27.469919182916165 0.09338215575323572 64.0377677640543 4.788181 26.88390953794094 0.07829005234325978 21.209036477472985 14.7616 28.08369765237922 0.5735679446420354 1.4404351782861042 1.464846669077059 1.499010014338112 1.5211707584578558
590 2130.5769497035644 2596.4211164148614 101.95200151424788 70.25850870148432 578.0 4.679479759381114 3.6158822239293844 0.22728969674876764 -6.590190867467357 0.645310435741741 1.3784405292473887 0.0009600370753808755 1.0047077255586576 3454.541325041513 19.321215 22.554024019224606 0.0060555930613953 4787.932030779317 17.329247 22.199630058606317 0.0039225750147984795 4627.535552578315 10.362785 22.236625589876724 0.0024286517611021054 4342.853910165558 7.1361547 22.30556194920327 0.0017826118197523174 5308.141037905095 7.337721 22.087643866002526 0.0014998335086144825 5760.652614946159 8.590382 21.998820783189004 0.001617862013688839 5412.530982135116 23.65195 22.066499011662582 0.004734168533394541 0.9880373981809394 0.9911400627030299 0.9934460021996949 0.9949231975100394
591 1180.8250654750032 2603.265556343728 101.982613353051 70.25640125403726 74.0 2.66678249135017 2.0183613493183192 0.24314736733686904 53.87830766464254 0.16877414400346524 2.9971145604948126 0.001645357660422237 2.8372555614604655 190.22760389609385 20.057775 25.70181615606346 0.10883885023566935 262.8699942179163 16.113373 25.350647461030206 0.06459324187470364 225.51168745845783 9.379305 25.517077363210245 0.04424326865817722 186.45583435739724 5.564336 25.72356005664057 0.03192718227941497 185.74400972145173 5.3217363 25.727712958546572 0.03067004468544171 269.7058453812482 7.5097966 25.322774102264965 0.02981843193144462 209.1185328021072 22.801374 25.599018692022923 0.11236376362160666 1.111375191968357 1.121356416438851 1.1352377733886865 1.142739728335161
592 691.1367860206653 2611.742061027328 101.99842796648173 70.25536641009721 430.0 4.5384004822478 3.8635939209818435 0.14868819177714687 87.0949132632856 0.5016948207609511 1.5192975951638013 7.111918785094054e-05 1.0706326695675463 1683.9483620400047 19.618158 23.33417807547709 0.012575816393919194 2178.6128709876166 16.256624 23.054549837338403 0.008071593935536392 1944.0849560314257 9.581704 23.178211901084197 0.005338063909200542 1451.4432666791836 5.1613016 23.495499837489312 0.0038540066923533145 1571.7207574769097 5.027347 23.409061527833423 0.003467321815979671 2035.0980114008728 6.663098 23.128536675205563 0.0035489933834068526 1171.3056776173887 19.07707 23.728324378932165 0.01754093904042619 0.9993485670059051 1.0033861165380376 1.007515349026432 1.0095320522130276
593 2480.861451999755 2618.295752256558 101.94087537694982 70.25954991730332 670.0 4.136952593309156 3.992989518536397 0.03479930492933281 72.42282940703649 0.7034085190606293 1.302713973639196 -0.00029013404360038003 0.9846672053793061 5269.334662534445 21.643652 22.09561054481092 0.004450498567324432 6737.516028014124 19.412725 21.828750471629963 0.003123820750162336 5923.205043586821 11.336436 21.968608082817283 0.002076007142971721 5026.682164299151 7.664369 22.14679643555467 0.0016542015503723034 5537.32452582819 7.6523166 22.041750057643178 0.001499399483016568 7003.199760396255 9.273937 21.7867587139742 0.0014368272642570517 4224.6668155302805 23.652958 22.335518841568263 0.006061838809547777 0.9945364324002588 0.9967388098300374 0.9985606783401554 0.9994077966498637
594 193.31613346073854 2609.447828225344 102.01442911602084 70.25419435785184 27.0 1.5488670952070822 1.1916085202770967 0.2306579925647012 48.73084711992246 0.21765517160624775 2.6790308013728232 6.880227578036943e-05 2.3435333138833228 81.36502479328453 10.984795 26.623905597220055 0.13749572817544017 86.27687987272522 8.659838 26.560263922906117 0.10384945841211768 97.59125082339133 5.373648 26.426472789066928 0.05819578276333264 75.94150916371811 4.694954 26.69880194125357 0.06513061693435651 76.61596123750004 4.5479946 26.689201863279163 0.06260987818369759 99.29443748929624 6.5460386 26.40768770039722 0.06931716247485686 33.803504467828795 20.311598 27.57759568331883 0.5108918926079233 1.4123938570419703 1.4387235090237798 1.4710338605939162 1.4924000304418688
595 1858.560116491473 2610.876543042191 101.96085457709684 70.25804148029724 18.0 1.4032803737753612 1.0852171230646954 0.22665695085220494 77.3077296703381 0.14535810767532104 3.6785394869035613 0.010013443803678293 5.794922825258945 34.60638403015358 23.734947 27.552109442807176 0.5670502700497406 70.11366584029558 19.97642 26.785493313835183 0.27218581516349966 70.41153992118026 11.638433 26.780890393573134 0.16608649852254953 70.11230797212303 6.296416 26.78551434113271 0.09337170590735125 149.19314700525152 6.2574615 25.965627812904973 0.04460887926691749 269.913508467 8.920966 25.321938448984127 0.0353046194072127 101.93237062097448 25.75051 26.37921968842428 0.24455136246065948 1.2318862796067662 1.234919790994132 1.2479422047305069 1.2516007383970313
596 1036.0229437171624 2624.4169425821947 101.98741693261358 70.2562980671617 227.0 5.1476660095464135 2.6828165437569784 0.4788285528273085 68.54835064323181 0.27074461754272783 2.0678796980899756 0.00021091755358841797 1.4873413868260668 252.41060982616213 18.266045 25.394730984781 0.07585798236971895 449.18070510375435 14.526547 24.768947268643004 0.034556989501045 534.0514519845482 8.790364 24.581042249579667 0.017725487637526023 612.6242381876009 5.085287 24.432014561335507 0.00897530721411717 874.483027733726 5.1259546 24.0456215375991 0.006345676662417014 1560.792554675802 7.162096 23.416637038222284 0.004970782250483153 801.2920648707582 20.273022 24.140522895050275 0.027127832791868766 1.0564446547663586 1.0638654502101914 1.0729821811939075 1.0777254513852217
597 1862.5037843106938 2614.0096870563043 101.96074895169588 70.25808459672125 6.0 0.8185087816205402 0.49998505628839335 0.3891512620078572 -89.9302449270585 0.16028999293109686 3.7178372522097134 0.01131878130989561 6.613331647471913 -0.8840212395862923 14.635318 99.0 30.537546157836914 -0.5115085031085587 12.345119 99.0 30.722312927246094 27.24300474410035 7.5555735 27.811862484939994 0.26576622761949076 28.85939456174164 4.7962403 27.74928196041511 0.1669264295417942 56.46834155198251 4.8469367 27.0204874177394 0.0894091764242478 74.51796468965573 6.5618277 26.719347538764588 0.0916291081779933 33.20686817645662 19.258104 27.596930204697195 0.4966038286115787 1.4049217557018208 1.416676545617891 1.4234785716977298 1.4286991069144546
598 2175.082482480494 2639.8272027157604 101.95086390052403 70.25908271209786 1345.0 9.607737639881261 7.316384276924822 0.2384904177071968 -84.91409055668345 0.35556212755309896 1.9831368162546155 0.00044894782141776074 1.362119706004448 2706.722821130778 35.010418 22.818890538461375 0.01395353175162134 3545.1716264385523 29.608938 22.525906838006954 0.009030308303627384 3138.764022650438 17.08931 22.65810333508337 0.005895363010428099 2656.1823756074186 10.904722 22.839355273184047 0.004448269369252886 2865.3484038087295 10.460068 22.757056409239564 0.003956306045006397 3745.556214125846 14.209836 22.466209201394012 0.004111256334345433 1826.4665192734299 41.885265 23.245970710940682 0.02461733893205911 0.9976618183081419 0.9997559007940491 1.0025936421928654 1.0019670698915233
