MACS0647.ecsv
# %ECSV 0.9
# ---
# datatype:
# - {name: id, datatype: int64}
# - {name: xcentroid, unit: pix, datatype: float64}
# - {name: ycentroid, unit: pix, datatype: float64}
# - {name: sky_centroid.ra, unit: deg, datatype: float64}
# - {name: sky_centroid.dec, unit: deg, datatype: float64}
# - {name: area, unit: pix2, datatype: float64}
# - {name: a, unit: pix, datatype: float64}
# - {name: b, unit: pix, datatype: float64}
# - {name: ellipticity, datatype: float64}
# - {name: orientation, unit: deg, datatype: float64}
# - {name: gini, datatype: float64}
# - {name: F105W_flux, unit: nJy, datatype: float64}
# - {name: F105W_fluxerr, unit: nJy, datatype: float64}
# - {name: F105W_mag, datatype: float64}
# - {name: F105W_magerr, datatype: float64}
# - {name: F125W_flux, unit: nJy, datatype: float64}
# - {name: F125W_fluxerr, unit: nJy, datatype: float64}
# - {name: F125W_mag, datatype: float64}
# - {name: F125W_magerr, datatype: float64}
# - {name: F140W_flux, unit: nJy, datatype: float64}
# - {name: F140W_fluxerr, unit: nJy, datatype: float64}
# - {name: F140W_mag, datatype: float64}
# - {name: F140W_magerr, datatype: float64}
# - {name: F160W_flux, unit: nJy, datatype: float64}
# - {name: F160W_fluxerr, unit: nJy, datatype: float64}
# - {name: F160W_mag, datatype: float64}
# - {name: F160W_magerr, datatype: float64}
# - {name: TOTAL_flux, unit: nJy, datatype: float64}
# - {name: TOTAL_fluxerr, unit: nJy, datatype: float64}
# - {name: TOTAL_mag, datatype: float64}
# - {name: TOTAL_magerr, datatype: float64}
# meta: !!omap
# - __serialized_columns__:
#     F105W_flux:
#       __class__: astropy.units.quantity.Quantity
#       unit: &id001 !astropy.units.Unit {unit: nJy}
#       value: !astropy.table.SerializedColumn {name: F105W_flux}
#     F105W_fluxerr:
#       __class__: astropy.units.quantity.Quantity
#       unit: *id001
#       value: !astropy.table.SerializedColumn {name: F105W_fluxerr}
#     F125W_flux:
#       __class__: astropy.units.quantity.Quantity
#       unit: *id001
#       value: !astropy.table.SerializedColumn {name: F125W_flux}
#     F125W_fluxerr:
#       __class__: astropy.units.quantity.Quantity
#       unit: *id001
#       value: !astropy.table.SerializedColumn {name: F125W_fluxerr}
#     F140W_flux:
#       __class__: astropy.units.quantity.Quantity
#       unit: *id001
#       value: !astropy.table.SerializedColumn {name: F140W_flux}
#     F140W_fluxerr:
#       __class__: astropy.units.quantity.Quantity
#       unit: *id001
#       value: !astropy.table.SerializedColumn {name: F140W_fluxerr}
#     F160W_flux:
#       __class__: astropy.units.quantity.Quantity
#       unit: *id001
#       value: !astropy.table.SerializedColumn {name: F160W_flux}
#     F160W_fluxerr:
#       __class__: astropy.units.quantity.Quantity
#       unit: *id001
#       value: !astropy.table.SerializedColumn {name: F160W_fluxerr}
#     TOTAL_flux:
#       __class__: astropy.units.quantity.Quantity
#       unit: *id001
#       value: !astropy.table.SerializedColumn {name: TOTAL_flux}
#     TOTAL_fluxerr:
#       __class__: astropy.units.quantity.Quantity
#       unit: *id001
#       value: !astropy.table.SerializedColumn {name: TOTAL_fluxerr}
#     a:
#       __class__: astropy.units.quantity.Quantity
#       unit: !astropy.units.Unit {unit: pix}
[...]
#     orientation:
#       __class__: astropy.units.quantity.Quantity
#       unit: &id002 !astropy.units.Unit {unit: deg}
#       value: !astropy.table.SerializedColumn {name: orientation}
#     sky_centroid:
#       __class__: astropy.coordinates.sky_coordinate.SkyCoord
#       dec: !astropy.table.SerializedColumn
#         __class__: astropy.coordinates.angles.Latitude
#         unit: *id002
#         value: !astropy.table.SerializedColumn {name: sky_centroid.dec}
#       equinox: !astropy.time.Time {format: jyear, in_subfmt: '*', jd1: 2451545.0, jd2: 0.0, out_subfmt: '*', precision: 3, scale: tt}
#       frame: fk5
#       ra: !astropy.table.SerializedColumn
#         __class__: astropy.coordinates.angles.Longitude
#         unit: *id002
#         value: !astropy.table.SerializedColumn {name: sky_centroid.ra}
#         wrap_angle: !astropy.coordinates.Angle
#           unit: *id002
#           value: 360.0
#       representation_type: spherical
#     xcentroid:
#       __class__: astropy.units.quantity.Quantity
#       unit: &id003 !astropy.units.Unit {unit: pix}
#       value: !astropy.table.SerializedColumn {name: xcentroid}
#     ycentroid:
#       __class__: astropy.units.quantity.Quantity
#       unit: *id003
#       value: !astropy.table.SerializedColumn {name: ycentroid}
# schema: astropy-2.0
id xcentroid ycentroid sky_centroid.ra sky_centroid.dec area a b ellipticity orientation gini F105W_flux F105W_fluxerr F105W_mag F105W_magerr F125W_flux F125W_fluxerr F125W_mag F125W_magerr F140W_flux F140W_fluxerr F140W_mag F140W_magerr F160W_flux F160W_fluxerr F160W_mag F160W_magerr TOTAL_flux TOTAL_fluxerr TOTAL_mag TOTAL_magerr
[from data line 896]
1206 2946.0714764586646 3101.339159674094 101.93555940401876 70.25948509456433 9.0 0.9451785768152309 0.6914665137277719 0.2684276488177917 -71.12372791680114 0.067438097694548 10.404673672463451 7.558365400040628 28.85692884064214 0.5928783770331163 10.297229034771863 6.419818140066311 28.868199068531233 0.5260979885905408 11.916890317548335 7.122710831707269 28.70959264465242 0.5087372604863092 16.43749283013171 7.152603402542043 28.360411059002473 0.3922353403425718 12.06679907658753 3.221543845192642 28.696019796533406 0.256920835288715
1207 1576.5162592595354 3117.1329700778815 102.00877186821458 70.25976509860976 49.0 2.0599702894473024 1.4765007439781719 0.2832417285133163 -68.28968680060572 0.2685671023964709 73.03934690436567 23.76936418571767 26.74110779696404 0.305893891891523 74.3718615618741 21.734902250438502 26.721478369464982 0.2783632533864586 90.87344340608784 22.991019025899725 26.503907538019646 0.24487803834231017 130.48662676532555 22.63004821956687 26.111084989389603 0.1736412133523984 96.9033767679081 10.142209315908236 26.434152722333938 0.10807463310174381
1208 3229.8019667543535 3107.1871525844954 101.92039193485883 70.25958803381505 34.0 2.1434576035214836 1.3338056539992633 0.3777317303556852 -18.429030909315884 0.19921490121410834 22.887738622076306 28.93860854335586 28.000992787041206 0.8873692867687504 5.723361564715068 14.400024358699264 29.505872043318938 1.365124683599896 63.807916190481436 31.226549223980296 26.887813595337626 0.43251643552815305 78.61044349814433 23.1370058845154 26.661299383873317 0.2801082115913892 52.73567246190899 10.810884582906882 27.094738779218837 0.2024688428033219
1209 3003.8189959677197 3108.4818031199056 101.93247224812202 70.2596136231515 21.0 1.8700978915170885 0.8674074233867959 0.5361700436531027 23.490361555052573 0.252089211628086 17.423881969655174 10.790613056584595 28.297137698783228 0.5233184033224738 -0.026893055679366392 4.338225091380421 99.0 29.806719795276475 6.658671543498201 4.732835320568502 29.341531018244098 0.5829839587016925 34.381101220701865 10.343883548707744 27.559200542623365 0.28557604598670866 17.29845731514647 3.4450197030860488 28.304981564344608 0.1971854506569677
1210 2895.738091203196 3305.192273456569 101.9382462592377 70.26316611206141 2549.0 13.687095948389587 4.255868688602663 0.6890597753789104 -63.440872352789704 0.7531365476979952 29875.006518335726 480.5733910544522 20.211729978216045 0.01732631321198671 38286.70679352114 521.8793747003918 19.94237996901649 0.014699522238326553 45962.435220795145 543.567193027851 19.74399242303729 0.012764947572212419 53252.74688781619 486.2529987069642 19.58414496373936 0.009868912999451054 42574.92402805046 229.67579665787258 19.827115295831362 0.005841398922032773
1211 3213.16484743789 3112.328878479856 101.9212811308297 70.25968106109625 24.0 1.6397928824759112 0.9875353812250907 0.39776822318315086 -55.5978479244479 0.1951436240954314 50.70253583751871 35.66982458028693 27.137425798279047 0.5783627691045017 34.9549077146021 28.353342309810397 27.541229600315184 0.6448803724601591 51.301862106678435 18.74071371005384 27.12466717747493 0.33807244970218064 51.21425972276539 14.539129929258515 27.126522751043083 0.27131811616144164 52.05234571056081 8.982292509344632 27.108899236171403 0.1728401728099907
1212 2545.210395723116 3122.7069940520582 101.9569880350518 70.25987247030697 35.0 2.0250686992034077 1.4852440708524153 0.2665710198193971 -50.19366760368792 0.2369264970981367 18.804926250836395 13.621786652981934 28.214320913636072 0.5915782298076359 28.276241087852924 15.214693641675037 27.771445810323048 0.46744266493785097 28.075257543425458 14.554550719187409 27.779190627810916 0.45347407609093054 44.385796087138914 14.539846707109172 27.281889965923614 0.3076507878038826 35.140967370415126 6.309120625997576 27.535465718239358 0.17927936041986436
1213 3159.4560122100715 3132.1721261456123 101.924151634986 70.26003992719006 116.0 2.4847154794380883 2.146434301005685 0.13614483478362072 -39.221573045195655 0.4398398466226223 227.36115106575124 42.56554858964763 25.508209351749652 0.18632396346984365 307.2229749089861 45.28668120093951 25.181365774473218 0.14929331919474487 358.84628058870317 45.89412845196875 25.012728877084616 0.13067029272928804 450.14245537893356 42.074430639825536 24.76662506114819 0.09701633252825093 350.3082458464444 19.96528257383119 25.038874099444406 0.060180760934856053
1214 3132.127003717063 3120.875687800763 101.92561292618795 70.2598362440407 27.0 1.619445079927318 1.094071042385795 0.32441608798805466 -52.45268128975405 0.2528674769392656 15.095870419783482 11.38302832953978 28.452854601830673 0.6101043991956888 18.883773200511325 9.291230389589138 28.209778060524364 0.4344380106658432 21.056067191673506 10.183928548817505 28.091556855484676 0.42833427045995104 46.403492211673814 12.2404520657507 27.233623335725483 0.25418126676559294 27.11440028027882 5.023305900775095 27.816999992255894 0.18453718200020577
1215 2065.051484967507 3145.7157301159773 101.98265665690224 70.26028642975936 76.0 7.717160777941658 2.241688587118473 0.7095189990694502 -82.34024107939136 0.3075532816787915 97.29587077487497 25.882297990570073 26.429763976866102 0.25609833521877806 127.50918909455565 27.963091099014463 26.136146290442596 0.21527871063252077 118.33576558532728 25.471803230876578 26.217209937905842 0.21166429851340735 162.1508400749167 24.409322429370192 25.875201992455075 0.15224927088946522 132.97504534280503 11.732154941823918 26.090574632296107 0.0917999850778772
1216 2099.84897031172 3122.0823834518187 101.98079598589052 70.2598599464395 27.0 2.343157561467796 0.90064231877854 0.6156287850252966 28.875610362799687 0.12888008012720387 43.0901171734939 17.47049682179083 27.314055812369432 0.36953148641867767 36.44128714112069 14.542306515387624 27.496015729328974 0.3645918396349185 45.08701708424128 15.01291985208182 27.264871240670495 0.31205628140025804 49.94424982224932 13.06290664253181 27.153786264301665 0.25226096478685056 42.77018784173219 6.483345105653901 27.32214710591931 0.15324057546655284
1217 2444.3051883336366 3203.492179606351 101.96238239509317 70.26133108485959 788.0 5.141262497845764 4.625340303302194 0.10034931979445638 73.70231220610832 0.6366004666299931 3725.934361586814 169.60798307888814 22.471912000445748 0.04833182420846117 4925.5945022819005 186.31034800235636 22.168853360388706 0.04031026425582264 5699.665848856669 189.65817468129535 22.010376511806278 0.03554013515143074 6548.0908067721375 167.9627567757243 21.859713266412832 0.027498644346961816 5345.260522240623 80.59437451432983 22.080077807235185 0.016248245422584018
1219 1789.5405102626253 3128.6250734047353 101.9973845430516 70.25997535097999 24.0 1.471425140708291 1.1091082419759424 0.24623535965814902 31.682114864064676 0.23434049905933205 42.05985870959603 16.839011497052383 27.340330476398723 0.3655978870623961 38.556838868905324 14.052859594227334 27.434746448727175 0.3374109802504455 46.638198121198336 15.424954538155092 27.228145592510327 0.3102301748276155 48.59427030052952 12.651941471202049 27.183537337315364 0.2512354165389486 46.48382022846732 6.694290127855646 27.23174546768216 0.14607772004681555
1220 2762.9873217463346 3132.355146205909 101.9453460787918 70.26004613747232 38.0 1.9424771645016776 1.437810001969057 0.25980596928257216 -27.70119336021491 0.12231642899895186 239.84288194467564 42.27009448828126 25.45018291498834 0.176240572450623 301.7410405502768 46.156665735983424 25.20091404083413 0.15454295439249952 339.34756213472616 46.2249752149078 25.073388166057807 0.13865339963367543 367.36072647833123 40.03277951875442 24.98726818693339 0.11230344169569106 318.8168358934717 19.725460672452904 25.14114688175182 0.06517922174667916
1221 1849.6443305665869 3128.0584040990443 101.99417150295848 70.25996576693926 16.0 1.1737460360465148 0.9645959968406015 0.17819019854617413 -24.595792115942945 0.178127633516894 19.152295086545053 10.616288350210867 28.19444793887312 0.4788433610427161 26.261440032171915 12.027005487318016 27.851703658213545 0.4093729949490581 29.08221535491666 12.222412510424478 27.740931284786114 0.3809280691197317 31.01092718485259 10.476860693629666 27.6712131218748 0.3160138192279952 27.21139733986291 5.208055746328601 27.813122890184 0.19013710032917192
1222 1674.616815434788 3135.545711142497 102.00352838729137 70.26009890937607 47.0 1.8329367861154562 1.4969189402561927 0.1833221136727723 13.446035378506014 0.33964629482206543 82.60179874696408 24.879152942551183 26.607526238316016 0.2858549964068601 86.26763138409073 22.206504080863006 26.560380315121506 0.24869580887973333 81.3149695695464 20.972841092081747 26.624573740473657 0.24913344846370286 112.88317612062183 20.80242884427525 26.268426949049967 0.1836385632990718 96.50799340453337 10.033718085470058 26.438591785352664 0.10739095792143312
1223 2225.20941599023 3154.011725234488 101.97409492906891 70.26043711721243 84.0 3.3668873004926096 2.037202907990341 0.3949298784986722 -82.04844233874937 0.18664183308079685 79.18793226970581 22.480878163407773 26.65335249261714 0.2713218480240319 89.98187089027762 20.701284904586032 26.514612453218504 0.22481628631066336 89.55149456103214 19.299226313450973 26.51981790409648 0.21189617795666332 137.22731622364674 20.221657574465805 26.056398575356408 0.1492481613306959 99.92298969245019 8.837146637029628 26.400836450908525 0.09201080915488136
1224 2860.5372189317104 3150.321790185489 101.94013094442533 70.26037005140694 79.0 2.680693143921904 1.9595799231636541 0.26900252361717447 -53.50085791274285 0.2795843255196404 105.68358460232984 28.181887648950667 26.339981161586348 0.25665259768577664 133.96288309523692 28.60182738259144 26.08253878580149 0.21010447307768237 120.90710590547307 24.594662606416694 26.193870435506298 0.20104111555144785 159.85611983504995 23.374273140441737 25.890676832016595 0.14817061460878303 131.97955366691627 11.422664848562508 26.09873336170931 0.09012303713739644
1225 1639.2839679559272 3170.3709097328815 102.00541862300182 70.26072722569918 312.0 4.150517693159233 3.449758559441255 0.16883656100850963 39.941431807978496 0.4441282536619252 1060.5476132744475 91.38834589436696 23.83617457265832 0.08974541153799558 1241.9846800511573 92.39220569412667 23.664709402931365 0.07790567906079811 1427.009980892797 93.13424870413384 23.51393247325489 0.06864446144981955 1572.1743576543627 81.52972537026771 23.40874822848944 0.054892725195833575 1357.918652186227 40.31620986408903 23.567815615574773 0.031765930947200004
1226 1968.8206131178465 3173.8790107755935 101.98780173450932 70.26079419778284 402.0 4.735138757424565 3.6801588085724815 0.22279810643308062 32.406932265778934 0.49009341774423104 895.9924271866755 84.46935550877768 24.019239152309353 0.09781582735978449 1223.3568685756509 91.08637641421373 23.68111708830609 0.077971685523025 1272.0563953934948 89.57068553968057 23.638734085584435 0.07387953648478851 1418.6133924826672 77.79728554564151 23.520339861229527 0.05796685762618563 1244.0353071989366 38.531511138147096 23.66291823419324 0.03311823410934589
1227 2838.379734310133 3144.495315623286 101.9413155523261 70.26026497431161 52.0 2.200160773278138 1.723875380406675 0.216477540485289 -73.12385761663798 0.1981822877753632 93.02699208865069 24.88316346563989 26.478477552961174 0.2573555837490736 81.69175603566755 21.252574513102253 26.619554420751786 0.25106050505327887 91.7256082410004 21.921995688216665 26.49377349928887 0.23267420873987504 105.29630750090229 18.843965129996157 26.343967145637897 0.1787488827056177 101.27953400998135 10.123970373541786 26.386195763808487 0.10344289508788142
1228 2394.3535836457145 3143.511900782681 101.9650525839412 70.26024804455011 66.0 2.181319593993871 1.7745100808209373 0.18649697838549595 -3.454677419881661 0.2965735601745979 109.99478053340137 26.36941595880282 26.29656980617996 0.23332070069478988 150.06311842265075 30.383044524393807 25.959315082078398 0.20018421094276317 141.44865067139233 27.578535412218244 26.023502977688974 0.19339438147988305 178.4697531418563 25.530952440274927 25.77108844267029 0.1451676165033785 144.42037460300267 12.199150029405684 26.00092883212623 0.08804358581097518
1229 2928.423230382249 3137.771550352991 101.93650208505544 70.26014302417329 21.0 1.3688275333918856 1.035755807369532 0.24332629049111731 -89.13355679456033 0.2137046577562703 48.46413129527166 19.283083328585466 27.18644891863161 0.36367752918200386 34.55289733978208 14.347633090859825 27.553788825433394 0.3770727504332142 48.98749028017582 16.12097672581502 27.174787024210293 0.3088806989668471 45.082888725594884 12.31339044117169 27.264970659837267 0.26218000800474545 44.37922391956054 6.7775712381525075 27.282050741875583 0.15430906492821603
1230 2763.606310323657 3149.773774514018 101.94531277248757 70.26036063786695 83.0 4.25653494739169 2.173850529917353 0.4892910414727265 -23.42741375409003 0.27730216171004907 167.75293696691543 33.9947951304843 25.8383246689949 0.20034632248487322 208.98339034278905 35.563357797432495 25.59972057382671 0.17062530424145753 224.23265274396525 35.54926150656843 25.523252863006025 0.15977514464262033 245.90951546257 30.261781338312453 25.423061664804973 0.1260080128955712 218.98982731012492 15.280251362808427 25.548940147211233 0.07323220569627861
1231 2202.794125506417 3144.4647179528806 101.97529309733731 70.26026463940914 46.0 1.5341545202068225 1.3857483067206837 0.09673485397424753 -18.542417054968805 0.44797287386924844 103.91326212036569 26.780931125009 26.358322553192387 0.2489632838592523 129.79814318466214 29.08867235973633 26.11682880062693 0.21954845280400978 130.1862232949466 27.292555486875173 26.113587429272673 0.20664252492165192 133.7855346326784 22.192743687814804 26.08397710373033 0.16663740951418787 125.94285191003345 11.657377813878737 26.149566191377826 0.0961140887672597
1232 2871.7495284639167 3203.436316954359 101.93953061706593 70.26132899832032 609.0 4.738035568976408 4.119289632043188 0.13059123932809402 25.492839611129405 0.6764460466588016 2945.718814446375 154.93723183723662 22.727021778460674 0.055655760737394644 3890.493668968823 163.93000542706105 22.424988217697365 0.04481104050291754 4525.496146032065 168.2173159631268 22.260834501549176 0.03962593558722891 5122.781335351189 148.8579277664661 22.126235453700282 0.031099663565389506 4212.3579421783115 71.49441857496464 22.338686830119528 0.018273067209637492
1233 2277.410516025746 3201.112892178019 101.9713047957281 70.2612877599123 457.0 5.73450083813217 4.87092216047623 0.15059352191798148 -34.506721423411804 0.4199012770503612 1783.6680071359274 114.69294856357179 23.271714943406426 0.06766192591626514 2109.4085537017177 119.68696230764041 23.089598243118814 0.05991993875530173 2316.309899911364 118.6885045651794 22.98800834161693 0.054255044069274096 2633.2623641307773 104.92854665865438 22.848764669916456 0.04242398121193592 2256.7370054788094 51.69539954473112 23.016297623932033 0.024590529342403827
1234 2912.5380270646365 3160.4578682105944 101.93735084096427 70.26055274436085 82.0 2.3040783527363105 2.045659220349872 0.11215726760313582 -89.7590161373153 0.30762882238093264 131.30981319353685 29.814926912914142 26.104257041277638 0.22216261589463204 141.7405371490785 29.06402933078866 26.02126481435253 0.20251350790621223 153.2293659224115 28.409736646289613 25.936644988914193 0.1846683576611506 203.92554477582036 26.896147721057456 25.62632092206387 0.13451247496495855 170.67963233288106 13.212296236980684 25.8195457533526 0.08095242209083031
