MACS0647_photometry.ecsv
# %ECSV 1.0
# ---
# datatype:
# - {name: id, datatype: int64, format: d}
# - {name: xcentroid, datatype: float64, format: .4f}
# - {name: ycentroid, datatype: float64, format: .4f}
# - {name: ra, unit: deg, datatype: float64, format: 11.7f}
# - {name: dec, unit: deg, datatype: float64, format: ' 11.7f'}
# - {name: area, unit: pix2, datatype: float64, format: .0f}
# - {name: a, unit: pix, datatype: float64, format: .4f}
# - {name: b, unit: pix, datatype: float64, format: .4f}
# - {name: ellipticity, datatype: float64, format: .4f}
# - {name: orientation, unit: deg, datatype: float64, format: .4f}
# - {name: gini, datatype: float64, format: .4f}
# - {name: kron_radius, unit: pix, datatype: float64, format: .4f}
# - {name: local_background, datatype: float64, format: .4f}
# - {name: total_flux_cor, datatype: float64, format: .4f}
# - {name: F115W_flux, unit: nJy, datatype: float64, format: .4f}
# - {name: F115W_fluxerr, unit: nJy, datatype: float32, format: .4f}
# - {name: F115W_mag, unit: mag(AB), datatype: float64, format: .4f}
# - {name: F115W_magerr, unit: mag(AB), datatype: float64, format: .4f}
# - {name: F150W_flux, unit: nJy, datatype: float64, format: .4f}
# - {name: F150W_fluxerr, unit: nJy, datatype: float32, format: .4f}
# - {name: F150W_mag, unit: mag(AB), datatype: float64, format: .4f}
# - {name: F150W_magerr, unit: mag(AB), datatype: float64, format: .4f}
# - {name: F200W_flux, unit: nJy, datatype: float64, format: .4f}
# - {name: F200W_fluxerr, unit: nJy, datatype: float32, format: .4f}
# - {name: F200W_mag, unit: mag(AB), datatype: float64, format: .4f}
# - {name: F200W_magerr, unit: mag(AB), datatype: float64, format: .4f}
# - {name: F277W_flux, unit: nJy, datatype: float64, format: .4f}
# - {name: F277W_fluxerr, unit: nJy, datatype: float32, format: .4f}
# - {name: F277W_mag, unit: mag(AB), datatype: float64}
# - {name: F277W_magerr, unit: mag(AB), datatype: float64}
# - {name: F356W_flux, unit: nJy, datatype: float64, format: .4f}
# - {name: F356W_fluxerr, unit: nJy, datatype: float32, format: .4f}
# - {name: F356W_mag, unit: mag(AB), datatype: float64}
# - {name: F356W_magerr, unit: mag(AB), datatype: float64}
# - {name: F444W_flux, unit: nJy, datatype: float64, format: .4f}
# - {name: F444W_fluxerr, unit: nJy, datatype: float32, format: .4f}
# - {name: F444W_mag, unit: mag(AB), datatype: float64}
# - {name: F444W_magerr, unit: mag(AB), datatype: float64}
# - {name: F480M_flux, unit: nJy, datatype: float64, format: .4f}
# - {name: F480M_fluxerr, unit: nJy, datatype: float32, format: .4f}
# - {name: F480M_mag, unit: mag(AB), datatype: float64}
# - {name: F480M_magerr, unit: mag(AB), datatype: float64}
# - {name: F277W_PSF_flux_cor, datatype: float64, format: .4f}
# - {name: F356W_PSF_flux_cor, datatype: float64, format: .4f}
# - {name: F444W_PSF_flux_cor, datatype: float64, format: .4f}
# - {name: F480M_PSF_flux_cor, datatype: float64, format: .4f}
# meta:
#   __serialized_columns__:
#     F115W_flux:
#       __class__: astropy.units.quantity.Quantity
#       unit: &id001 !astropy.units.Unit {unit: nJy}
#       value: !astropy.table.SerializedColumn {name: F115W_flux}
#     F115W_fluxerr:
#       __class__: astropy.units.quantity.Quantity
#       unit: *id001
#       value: !astropy.table.SerializedColumn {name: F115W_fluxerr}
#     F115W_mag:
[...]
#     ellipticity:
#       __class__: astropy.units.quantity.Quantity
#       unit: !astropy.units.Unit {unit: ''}
#       value: !astropy.table.SerializedColumn {name: ellipticity}
#     kron_radius:
#       __class__: astropy.units.quantity.Quantity
#       unit: !astropy.units.Unit {unit: pix}
#       value: !astropy.table.SerializedColumn {name: kron_radius}
#     orientation:
#       __class__: astropy.units.quantity.Quantity
#       unit: *id003
#       value: !astropy.table.SerializedColumn {name: orientation}
#     ra:
#       __class__: astropy.units.quantity.Quantity
#       unit: *id003
#       value: !astropy.table.SerializedColumn {name: ra}
#     total_flux_cor:
#       __class__: astropy.units.quantity.Quantity
#       unit: !astropy.units.Unit {unit: ''}
#       value: !astropy.table.SerializedColumn {name: total_flux_cor}
#   date: 2022-05-30 07:57:25 EDT
#   version: {Python: 3.10.2, astropy: 5.0.4, bottleneck: 1.3.4, gwcs: 0.18.1, matplotlib: 3.5.1, numpy: 1.22.4, photutils: 1.4.0, scipy: 1.8.0,
#     skimage: 0.19.2, sklearn: 1.1.1}
# schema: astropy-2.0
id xcentroid ycentroid ra dec area a b ellipticity orientation gini kron_radius local_background total_flux_cor F115W_flux F115W_fluxerr F115W_mag F115W_magerr F150W_flux F150W_fluxerr F150W_mag F150W_magerr F200W_flux F200W_fluxerr F200W_mag F200W_magerr F277W_flux F277W_fluxerr F277W_mag F277W_magerr F356W_flux F356W_fluxerr F356W_mag F356W_magerr F444W_flux F444W_fluxerr F444W_mag F444W_magerr F480M_flux F480M_fluxerr F480M_mag F480M_magerr F277W_PSF_flux_cor F356W_PSF_flux_cor F444W_PSF_flux_cor F480M_PSF_flux_cor
[from data line 558]
559 1157.0070367174185 2475.153138164823 101.98250753656855 70.25495383238221 14.0 1.2822028625820356 0.8388809788762247 0.3457501902725998 18.890556054398658 0.09817949185278563 3.202457412174462 0.0006373598479942457 4.528268984476703 38.89013037750868 13.779382 27.42540150224078 0.3292997481427948 58.05118620497104 10.741743 26.990472253895774 0.1843317550163309 57.286862412369516 6.3854833 27.004862408257505 0.11473952983066166 43.63469596617505 4.9147325 27.30042011430975 0.11588041750649711 62.05511941923614 4.6681085 26.918055960722874 0.07874858093837742 54.67581357458259 6.3710747 27.055511864881137 0.11967069365790861 27.246132523090274 19.595478 27.811737838338345 0.5883173864481884 1.3281165021080188 1.3491913032230571 1.3756102133412187 1.392025779033397
560 1675.4269457590965 2477.6703076952876 101.96584260105446 70.25617279152564 40.0 1.8516437010443416 1.3378851617907177 0.2774607981891225 89.61244269206325 0.2978258454524491 2.736415515199495 0.008828855178694965 1.2902275664017056 70.98502664828256 9.646755 26.772083125731278 0.1383487738664835 94.69965646412489 7.4880347 26.45912899114032 0.08262545731931398 104.66398297930424 4.7518244 26.3505068556023 0.048207030686086394 94.33615430539353 2.3728914 26.463304580295457 0.026972325159975247 127.21644392538278 2.3687887 26.138641871002008 0.020030652878644004 171.5141513227969 3.2726123 25.814250103224246 0.0205214558813242 90.57327749968586 9.712891 26.50749979130132 0.11060238503465407 1.321765923394611 1.3437160192808113 1.3823105478089297 1.4051948650540773
561 1806.9975459558957 2475.0463409146814 101.96159068781093 70.2564464371287 9.0 0.71328151185579 0.704768109210689 0.011935543685901995 -85.36408669520236 0.9641215464098627 nan -0.0006453243756886792 nan nan nan nan 30.203323364257812 nan nan nan 0.8290802425831828 nan nan nan 0.04891982557938258 nan nan nan nan nan nan nan nan nan nan nan nan nan nan nan nan nan nan nan nan
562 1045.1576199896608 2479.704322437495 101.98613743890823 70.25474601535429 87.0 2.3282066411347384 2.242195474307181 0.0369430983091934 3.5237708903665848 0.28497879336589604 1.7323191336278583 -7.562273444539194e-05 1.2782902988256857 155.825630119034 9.858312 25.918402770641226 0.06660381324375052 211.52811207620468 7.9531007 25.5865797668423 0.040073144552999894 196.05676657629235 4.7085576 25.669045410366426 0.025767171863459955 145.46936305111774 2.864145 25.993071156881754 0.02116932668974876 159.84185134209622 2.8213623 25.890773747360413 0.018997117451637114 185.39958508686814 3.8699253 25.729728105288473 0.022429751735732802 78.31241228032171 11.669912 26.665423495313846 0.1508165168426084 1.1496473713171522 1.1659452275352968 1.184364827395299 1.1964283865738792
563 1125.418854452653 2492.1761000128586 101.98363984209543 70.25506622326196 741.0 6.66989736199576 4.001965121102879 0.39999599635437044 -3.5112503616893473 0.5612528521760755 1.428519802673532 -0.0002808132828046291 1.0372678155807946 3091.816566583709 25.065746 22.674465700276603 0.008766711412569333 4560.363026571381 21.351166 22.252501460136436 0.005071446096816758 4277.678762656321 12.777421 22.32197958099374 0.0032382586991719408 3608.198991889812 7.267217 22.50677379790798 0.0021845650982107168 4150.756334840055 7.2251835 22.354681901521435 0.0018882880682370305 6386.359819161804 9.558214 21.88686654040978 0.0016237639723291502 2880.300864395738 24.703037 22.751405363134616 0.009272163183945978 0.9995189219317729 1.0020848437823886 1.0046120475088582 1.0059027247222116
564 797.2524958510014 2495.9161991490096 101.99422429303961 70.25435171910335 230.0 5.276327828080683 2.468038178141502 0.5322432080496265 -50.96567464289518 0.3171620151453745 1.7474297005305377 0.00048379959708137353 1.2209754145316227 486.4234447792905 15.528801 24.682463752446363 0.03411975724100745 609.9899674775567 12.5943 24.436693269460648 0.022188625028362302 566.62198331769 7.3722277 24.516766450252145 0.01403523091273929 421.458040981227 4.128907 24.83811413965254 0.010584891240599864 470.1600578541677 3.972674 24.719385672132045 0.00913551680194791 571.7451713115057 5.4250164 24.50699373637725 0.010253462885796878 350.3085588358041 16.399055 25.038873129373815 0.04967294873551687 1.0535461970200475 1.063061337293706 1.073822221638023 1.0798228548574642
565 301.7679599536525 2499.88972382487 102.01019249733703 70.25325355162092 255.0 4.807845488901417 3.2008234688688937 0.3342499303986003 -33.327890513329635 0.28097713573875516 2.1323671377831817 3.2309306833130435e-05 1.5751286469232277 503.58801403996455 20.67765 24.64481153784337 0.0436900776574302 654.3880723876165 16.505867 24.360411563009656 0.027046233575947716 658.2608503935321 9.745827 24.354004933755643 0.015956942768647498 485.6574934359678 5.095076 24.684174764860956 0.011331220337201478 582.4484485718883 4.944254 24.486856267993122 0.009177634838458302 758.5973269274265 6.8887396 24.199971729889533 0.00981495492964857 526.7006207472253 20.977928 24.59609042450246 0.04240475229932425 1.0248298587343077 1.0312212184858027 1.0378598340518295 1.0417744156717663
566 3093.450026644803 2496.859824060959 101.92033265623428 70.25963289268945 65.0 3.1433320790973065 1.4831032531729578 0.5281748107254162 86.616947777492 0.13027474396209465 2.7833283711310397 0.0021890621563937724 2.0300772570986467 33.96457803369445 11.43366 27.572434441478684 0.31503191926627416 84.22016401141883 9.501673 26.586459792910823 0.11606177509294593 127.53291105782107 5.657553 26.135944317557144 0.047127149239906435 135.17282750352106 3.925762 26.07277650418322 0.031083319083747146 247.4370622817964 4.0136876 25.4163381229339 0.017470460782673978 583.2948404967102 5.8588934 24.485279662703967 0.010851248860711373 148.55901194275168 16.284386 25.970252494314295 0.11293138752651553 1.164505604286664 1.1821954106360626 1.198525014161952 1.2130570749676373
567 1398.3603813545103 2506.2294313162893 101.97495280374116 70.25584660067011 275.0 4.6036232994209545 3.6456197992022803 0.20809771736518323 8.73435148535563 0.27190842882833355 1.9387124187265334 0.0010165697337439887 1.3935572984848081 547.5706101132439 18.96554 24.55389967475716 0.03696874135498751 701.1809322703673 15.314973 24.285424756268608 0.02345903736889102 597.7511123906374 8.93232 24.458699017517436 0.016104355434407663 468.02935209443785 5.068025 24.724317274083305 0.011693625034023096 490.9250066593177 4.8870916 24.672462113284908 0.010754912703859138 626.7041912965161 6.645526 24.40734350199723 0.011452454461876874 402.40943158034514 19.846844 24.88832962234492 0.05226990358212168 1.0237342832420544 1.0301317693660839 1.037252235155892 1.0422535290777666
568 3182.1379499859877 2515.9871851718462 101.91760726617508 70.26004383762229 816.0 5.605299928876957 4.209524512278106 0.24900994314473723 -32.55004440105566 0.6495455146550676 1.324646122021694 -0.0002977231618068511 0.9979492615127604 3840.255315367017 23.040976 22.439099752643003 0.006494795426172683 5880.097115768356 20.599121 21.976538752626826 0.0037968977496905783 6065.423002824397 12.474203 21.942847265070014 0.002230641765347458 6346.3215835746605 8.42966 21.893694812296634 0.0014411992363711885 8285.65014938726 8.91807 21.604183520400927 0.001167978855256986 11311.59764177701 11.040391 21.266190128268523 0.0010591877995813099 7813.20906187202 27.63392 21.66792638726053 0.0038332796174427395 0.997701376657278 0.9996895046194856 1.0012649062177366 1.0020798447922978
569 173.2156904937765 2512.9084135565417 102.01441693834047 70.25309870155456 234.0 5.249568644189091 2.4876990361432774 0.5261136286127075 75.75506295049321 0.32704371717830977 1.5099210962771015 -0.0011335425086649053 1.201346476853723 791.5465849700787 22.05719 24.15380880118256 0.029841187915803247 966.2664772569412 18.328575 23.937257718011978 0.020401839794630547 849.3206430370326 10.5445 24.077320800266943 0.01339666075438948 671.1623811417589 5.8406167 24.332930984591737 0.009407464076271318 707.0278204409268 5.6121006 24.27640874264259 0.008584110731891349 882.4080359614367 7.7241173 24.03582636373319 0.009462585857972463 450.60437059091674 23.025602 24.765511500492337 0.054109446070226636 1.0618547203702475 1.0711479906175627 1.0818496933413893 1.0883917049508043
570 3084.696121716032 2511.7466778909816 101.92071534040375 70.25977471722955 135.0 4.122964102425 2.183034947950801 0.47051808026492214 57.397013415194316 0.2238795585584293 2.190168408530344 0.0006480089885378031 1.6079336572999807 179.10002126740716 13.410236 25.767260906450602 0.07839559216870544 252.58919166557138 11.001136 25.393963092294435 0.046286765296900505 249.14629524481404 6.4604177 25.40886391579077 0.027794554419106776 227.43857280288648 4.169836 25.50783969636315 0.01972550379485277 245.1241483612425 4.0259547 25.42653475549454 0.01768743348021454 319.11774953960196 5.6159883 25.14012259847325 0.018941127065294508 218.43746039476184 17.095545 25.551682203292074 0.08181163669050819 1.0805768376047982 1.0899886586335406 1.1013809451792247 1.1086906694379497
571 107.05966604355807 2506.6664719233486 102.01650257852307 70.25287830835025 13.0 1.2222607300100659 0.7634453085387722 0.37538260880517293 89.35542065856043 0.15000654005684524 2.8732228978155256 -0.00016610865804868677 3.1463917335774116 31.851491073238634 12.818266 27.642175580242917 0.3672095574414793 62.922010429458446 10.273349 26.902993524066908 0.16420239226301966 61.6175591919159 6.024247 26.9257387726133 0.10127676308125307 63.986485686737915 5.336521 26.88477935454951 0.08697283370030531 82.77970137444825 5.2502794 26.60519036159531 0.0667668794414281 89.87901751241544 7.6405134 26.51585420899199 0.08858321815552112 30.8069341029559 23.133371 27.67837880097992 0.608162304655741 1.7402305457638143 1.7783787283610084 1.8271116142454844 1.8595802098988765
572 821.4728937470974 2514.8024926758644 101.9935736970376 70.25461276979307 245.0 3.6507190520507278 3.6268756567063805 0.006531150440336919 88.67345017332214 0.3439264647236753 1.729874307739413 0.00012911228591124045 1.2310192701814395 534.0239647490359 16.30645 24.58109813306187 0.032656919579933066 706.2830017001206 13.208484 24.277553114758152 0.02011726217071428 663.2971896024761 7.6999097 24.345729607020612 0.012531213449363442 493.7762475171713 4.2331877 24.666174512723096 0.00926843997021304 576.3063937948415 4.0747523 24.498366405348122 0.007649644833870561 726.5902808056339 5.5612283 24.24677603937591 0.008278444034061966 520.5821632513777 16.695051 24.608776790596764 0.03427284767269456 1.023744379045294 1.030960928932407 1.0383724845643025 1.0426457594026877
573 512.7389619358972 2512.88996368094 102.00349382967279 70.253881008671 81.0 2.2731624733236484 2.127913466877947 0.06389732724794162 -7.2249586156897285 0.2898362948876335 1.7691236475385208 0.0004393669336789941 1.2327995355317543 144.0716536073294 9.386494 26.003553647772716 0.06852852471262269 184.74835484282642 7.444593 25.733548550612454 0.04289217117952381 178.54825230494382 4.341674 25.77061099120577 0.026085452003196105 137.32208081093663 2.6142592 26.055649061071932 0.02047533864307526 134.62252086414432 2.5072215 26.077205703384124 0.020034853241099146 164.8736859712498 3.4979942 25.85712163180135 0.022794245993391478 94.73246850448815 10.929992 26.45875286464608 0.11855466091320606 1.1622182459864676 1.1793543601015195 1.2006504378718945 1.2139273650775353
574 3068.527918322522 2510.4172097444216 101.92122680354719 70.25972325300968 24.0 1.5416734236824698 1.105754524904951 0.28275696530869354 43.94441084496911 0.18986266254913384 2.8114959180238754 0.0006728980845147801 2.4613179657520368 32.90375893037972 8.539218 27.60688621337197 0.2505135668022904 44.805638781443 6.9614253 27.271668316703153 0.15680215671389308 59.216923812453224 4.0982027 26.968885392484015 0.07265408804490708 46.766696259325705 3.671812 27.225158272204496 0.08206385755222383 49.044821527781444 3.5909865 27.173517103770024 0.07672033933060228 66.00189240815104 5.1248336 26.85110903043945 0.08119107621261112 26.13780082651013 15.576125 27.85682738935327 0.5075300545400632 1.538354155459582 1.565471449086987 1.5994837898113854 1.6211875118807018
575 2573.9152386469796 2514.217153928658 101.93717382845631 70.25863166629456 28.0 1.7266350771516814 1.1635349387461333 0.32612573777573084 69.25618792631028 0.1684468580074565 2.5117757487184544 0.0004984820997329375 2.1053206154642976 44.660809830111674 7.7113585 27.275183515434172 0.1729349024365365 50.7218139559602 6.3794646 27.137013058114654 0.12862764234438084 53.60452453347415 3.6941226 27.0769963794532 0.07235730044913252 38.176024740072116 3.2668417 27.445523241409976 0.08914770564337224 40.62044587838724 3.1625853 27.37813828446365 0.0814028465959716 35.24794339043815 4.4814873 27.532165544216248 0.12994639802061006 14.875520953259278 13.938758 28.468819539937336 0.717838926772018 1.4481628108017663 1.4762313966189864 1.5132447962220887 1.536332210926525
576 2833.501337364163 2539.8662583894015 101.92899206465579 70.25950528882588 394.0 4.7379906189425585 4.590962479716282 0.03103174975451739 -29.753805031667913 0.3227145063553931 1.903904591561348 -0.00016478535737526765 1.2996500134486835 817.3160691196075 18.564823 24.119024906008484 0.02438589895356063 1052.0614938237195 15.533836 23.844897186463797 0.015913850437052724 915.2372051524919 9.0562315 23.996165834402092 0.010690507170774868 797.2795530810998 5.7853894 24.14597343404704 0.007850102445768668 864.38067973199 5.596087 24.058237372113002 0.007006508763053566 1094.5077399871914 7.5399675 23.8019529072551 0.007453895962847519 719.2330815002712 22.422441 24.25782586303619 0.033331451012231623 1.0159054669895609 1.020877129638669 1.0258991711834262 1.0289811786427268
577 2112.1767476235336 2544.0996238757552 101.9522383061449 70.25789766244631 18.0 1.6125704851990212 0.9190102062142976 0.43009610144211796 67.67358964117467 0.12339821358123275 3.564747439974861 0.0010316390281922497 7.769459834762378 17.75736263215078 22.522314 28.27655384067252 0.8892687554666283 70.20074674633366 18.369053 26.7841456703134 0.25235982011837055 101.83083266268184 10.787448 26.38030176256548 0.10932399783167257 113.08347795474845 8.111488 26.266502107430828 0.07521356305394025 176.04416747305547 8.088274 25.785945897461886 0.048771676603625615 280.9752356442007 11.3511095 25.27832988971253 0.042999781657328234 91.64878046044771 33.494316 26.494683274185448 0.33820051675819063 1.180687278463522 1.1939937270309444 1.2072957891149037 1.2217402628877894
578 2274.1580089158074 2544.593294921792 101.94702823441753 70.25827463579586 21.0 1.3875790487597635 1.1507156140916657 0.17070266006092372 77.25553332754667 0.11563654676256907 3.0078003146912478 -9.206022309177163e-05 3.2833030350262833 54.463596351976605 10.2613 27.059734211555032 0.18741262880233917 53.76959959578306 8.641795 27.073657993891324 0.16181771466135558 57.4645996524706 4.966662 27.001499036543382 0.09000431135236032 36.06315712803482 4.3616614 27.50734063973112 0.1239608381030969 40.53647195983194 4.2476325 27.380385130662276 0.10819486605725254 75.67484355961382 6.1455393 26.702621170436785 0.08477493859116073 70.52332483746821 18.891138 26.779168052455915 0.25768748299801725 1.4554481927870093 1.4846797323015086 1.5229691865563624 1.5455990924486902
