MACS0647.ecsv
# %ECSV 0.9
# ---
# datatype:
# - {name: id, datatype: int64}
# - {name: xcentroid, unit: pix, datatype: float64}
# - {name: ycentroid, unit: pix, datatype: float64}
# - {name: sky_centroid.ra, unit: deg, datatype: float64}
# - {name: sky_centroid.dec, unit: deg, datatype: float64}
# - {name: area, unit: pix2, datatype: float64}
# - {name: a, unit: pix, datatype: float64}
# - {name: b, unit: pix, datatype: float64}
# - {name: ellipticity, datatype: float64}
# - {name: orientation, unit: deg, datatype: float64}
# - {name: gini, datatype: float64}
# - {name: F105W_flux, unit: nJy, datatype: float64}
# - {name: F105W_fluxerr, unit: nJy, datatype: float64}
# - {name: F105W_mag, datatype: float64}
# - {name: F105W_magerr, datatype: float64}
# - {name: F125W_flux, unit: nJy, datatype: float64}
# - {name: F125W_fluxerr, unit: nJy, datatype: float64}
# - {name: F125W_mag, datatype: float64}
# - {name: F125W_magerr, datatype: float64}
# - {name: F140W_flux, unit: nJy, datatype: float64}
# - {name: F140W_fluxerr, unit: nJy, datatype: float64}
# - {name: F140W_mag, datatype: float64}
# - {name: F140W_magerr, datatype: float64}
# - {name: F160W_flux, unit: nJy, datatype: float64}
# - {name: F160W_fluxerr, unit: nJy, datatype: float64}
# - {name: F160W_mag, datatype: float64}
# - {name: F160W_magerr, datatype: float64}
# - {name: TOTAL_flux, unit: nJy, datatype: float64}
# - {name: TOTAL_fluxerr, unit: nJy, datatype: float64}
# - {name: TOTAL_mag, datatype: float64}
# - {name: TOTAL_magerr, datatype: float64}
# meta: !!omap
# - __serialized_columns__:
#     F105W_flux:
#       __class__: astropy.units.quantity.Quantity
#       unit: &id001 !astropy.units.Unit {unit: nJy}
#       value: !astropy.table.SerializedColumn {name: F105W_flux}
#     F105W_fluxerr:
#       __class__: astropy.units.quantity.Quantity
#       unit: *id001
#       value: !astropy.table.SerializedColumn {name: F105W_fluxerr}
#     F125W_flux:
#       __class__: astropy.units.quantity.Quantity
#       unit: *id001
#       value: !astropy.table.SerializedColumn {name: F125W_flux}
#     F125W_fluxerr:
#       __class__: astropy.units.quantity.Quantity
#       unit: *id001
#       value: !astropy.table.SerializedColumn {name: F125W_fluxerr}
#     F140W_flux:
#       __class__: astropy.units.quantity.Quantity
#       unit: *id001
#       value: !astropy.table.SerializedColumn {name: F140W_flux}
#     F140W_fluxerr:
#       __class__: astropy.units.quantity.Quantity
#       unit: *id001
#       value: !astropy.table.SerializedColumn {name: F140W_fluxerr}
#     F160W_flux:
#       __class__: astropy.units.quantity.Quantity
#       unit: *id001
#       value: !astropy.table.SerializedColumn {name: F160W_flux}
#     F160W_fluxerr:
#       __class__: astropy.units.quantity.Quantity
#       unit: *id001
#       value: !astropy.table.SerializedColumn {name: F160W_fluxerr}
#     TOTAL_flux:
#       __class__: astropy.units.quantity.Quantity
#       unit: *id001
#       value: !astropy.table.SerializedColumn {name: TOTAL_flux}
#     TOTAL_fluxerr:
#       __class__: astropy.units.quantity.Quantity
#       unit: *id001
#       value: !astropy.table.SerializedColumn {name: TOTAL_fluxerr}
#     a:
#       __class__: astropy.units.quantity.Quantity
#       unit: !astropy.units.Unit {unit: pix}
[...]
#     orientation:
#       __class__: astropy.units.quantity.Quantity
#       unit: &id002 !astropy.units.Unit {unit: deg}
#       value: !astropy.table.SerializedColumn {name: orientation}
#     sky_centroid:
#       __class__: astropy.coordinates.sky_coordinate.SkyCoord
#       dec: !astropy.table.SerializedColumn
#         __class__: astropy.coordinates.angles.Latitude
#         unit: *id002
#         value: !astropy.table.SerializedColumn {name: sky_centroid.dec}
#       equinox: !astropy.time.Time {format: jyear, in_subfmt: '*', jd1: 2451545.0, jd2: 0.0, out_subfmt: '*', precision: 3, scale: tt}
#       frame: fk5
#       ra: !astropy.table.SerializedColumn
#         __class__: astropy.coordinates.angles.Longitude
#         unit: *id002
#         value: !astropy.table.SerializedColumn {name: sky_centroid.ra}
#         wrap_angle: !astropy.coordinates.Angle
#           unit: *id002
#           value: 360.0
#       representation_type: spherical
#     xcentroid:
#       __class__: astropy.units.quantity.Quantity
#       unit: &id003 !astropy.units.Unit {unit: pix}
#       value: !astropy.table.SerializedColumn {name: xcentroid}
#     ycentroid:
#       __class__: astropy.units.quantity.Quantity
#       unit: *id003
#       value: !astropy.table.SerializedColumn {name: ycentroid}
# schema: astropy-2.0
id xcentroid ycentroid sky_centroid.ra sky_centroid.dec area a b ellipticity orientation gini F105W_flux F105W_fluxerr F105W_mag F105W_magerr F125W_flux F125W_fluxerr F125W_mag F125W_magerr F140W_flux F140W_fluxerr F140W_mag F140W_magerr F160W_flux F160W_fluxerr F160W_mag F160W_magerr TOTAL_flux TOTAL_fluxerr TOTAL_mag TOTAL_magerr
[from data line 203]
325 2924.827712012392 1926.3904051409854 101.93671848500624 70.23827089097902 66.0 2.388831347393999 1.9273425021622612 0.19318603037220727 -19.037531173651736 0.22953732337285973 111.56851454826885 27.88721152686932 26.281145872976634 0.24223675090490743 83.82326826487838 24.14457457109665 26.591588525131872 0.27482458610726873 108.58759381340829 25.014463045799488 26.310549475683622 0.22508233652136 120.07027752554386 21.43971095536593 26.20141121388634 0.17837895291947345 101.73513599494048 10.778459579022982 26.381322575083214 0.1093350840017248
326 2342.2571005672753 1923.5930094552077 101.96782862225574 70.23822162378167 53.0 2.2977843117163492 1.6060871945455502 0.30102787004152276 -38.16505836698122 0.18727310951894932 72.40428159306391 25.44762204337472 26.750589378110003 0.32701257549564255 85.28110361753562 26.75432914459534 26.572867970257153 0.29625646040227627 103.21368929453334 28.35499301630241 26.36565674536691 0.26353805826128124 99.701502548865 23.16085741411274 26.40324574153872 0.22679287422009686 91.03323152970268 11.608494372212794 26.502000100641865 0.13030996566895872
327 2763.056887304795 2017.1887751555746 101.94535616961652 70.23991118964406 967.0 9.135312497118543 7.211189321625032 0.2106247789662825 -35.74809576034237 0.37338043549869376 2266.5873425114614 149.29809222736606 23.01156885206927 0.06925969076603501 2671.560284994884 158.2677374216427 22.83308755328605 0.062487660484577656 3035.1958600394164 158.87154640170837 22.69453319706504 0.05539338979641528 3150.530571910177 135.35776883180898 22.654040754375842 0.0456727578572271 2952.7147604390734 69.40099099086876 22.72444626232875 0.0252239984088792
329 2602.4426094050227 2031.1977981960247 101.95393383202433 70.24016459777626 399.0 8.486048690196903 2.442812135760859 0.7121378600404686 -65.10705931253541 0.43572777720532063 1054.368603948611 94.88802602942194 23.842518836481755 0.09356138108900582 1402.614594667847 106.4987790869548 23.532654116090708 0.07945878568631876 1517.4768483238834 106.27766499589592 23.447194815247713 0.07349574332132924 1588.491828419065 88.25331331007173 23.397537537363778 0.05870517904298618 1447.5512064422253 44.40572116536052 23.498415160915044 0.03280587429895383
330 2774.1503940219454 1941.311179862043 101.94476469037302 70.2385411302175 148.0 4.102096779160609 2.1609356531534534 0.47321192807263934 -0.7856676862353869 0.3398761386547579 239.07884955739635 48.1769907150896 25.453647106624043 0.19931927463172155 337.02276298300745 55.95951138847165 25.08085191322185 0.16678431768290208 350.8915186022387 51.79902107147642 25.037067822470615 0.1494963898107594 346.28306830222186 43.939153964802486 25.051421857487046 0.12970185209855367 311.6608528186246 22.3756313285097 25.16579436319278 0.0752791230244021
331 3160.9442426570986 1921.6377821222893 101.9241096528632 70.23818304591765 21.0 1.3009102105387003 1.064720841992911 0.18155701033969474 16.73204332997457 0.2724547929922915 29.644148555696134 13.290420655774586 27.720152547550633 0.40217032184339535 34.83904371355638 15.300452014872917 27.544834435798805 0.3952843402560864 30.212157362761964 13.011585580235344 27.699545654766943 0.3888515841050561 43.10766226553851 12.276955684681086 27.313613820892723 0.27208673149880586 34.91078428917004 6.039390275800747 27.542600986054445 0.17324037964975014
334 2633.8765961450613 2023.322842733826 101.9522551046401 70.24002235175742 723.0 7.6905694461434955 5.3145326342711625 0.3089546006328332 15.199022912769307 0.37484530013362405 1250.7240165358012 104.53669490819235 23.657096276762665 0.0871533979071801 2074.7263380731315 131.62874342225487 23.107597949431174 0.06678646756610529 2627.211495565413 138.54684646904968 22.851262410669193 0.05579798811233343 2871.4040048958695 118.91718772995235 22.754764245549918 0.04405884235871568 2317.7780243760053 56.73748293078483 22.987320397855946 0.026257923318316053
336 2779.4941027918503 1934.6526391074751 101.94447941195091 70.23842088306046 40.0 2.1676115266596883 1.2752182305686626 0.4116942935186422 -69.66761669246878 0.277033837552915 43.251661643379286 20.66080021726391 27.309993007856974 0.4239568742874489 44.885076263563924 21.968109447510457 27.26974508144157 0.43255034954561844 59.07654182656008 21.69020600520578 26.971462337462462 0.3395438270988128 50.79530393830147 17.499516428618236 27.13544109172892 0.32141050937470483 43.12613934189873 8.729848948238645 27.31314854554372 0.20014583458851049
338 3582.785964017133 1931.7275959992464 101.90158225852309 70.23835939158158 32.0 1.597135621434964 1.3733665885171973 0.14010646930328863 -8.775320610909498 0.29475485793657535 81.44673092702122 71.49037772068941 26.62281585631525 0.684098044757287 103.41108166932753 49.48173330718696 26.363582297932027 0.42454998972687313 0.47989969522410214 4.073953203811536 32.19712381470079 2.4430713089400364 143.37943771004612 64.95621837417735 26.00878281778929 0.405691829377578 105.160057401207 28.96169103362001 26.345372963769154 0.2641209796025045
341 3253.672734954193 1930.9232338135696 101.91915750451706 70.23834965966573 10.0 1.1992735684756153 0.5943682012259655 0.5043931452758847 -73.80779476238885 0.15164721222242852 8.317049867461929 6.426661883244869 29.100076736402563 0.6215938152783913 16.707326718145172 10.097855321799145 28.342732586283322 0.5132794886873691 18.448910109476156 10.180366143259853 28.235073212979298 0.4770991360008158 19.007325302919977 7.941457598818204 28.20269748110164 0.3790453704934104 16.568067093036678 4.081101752127816 28.35182038854631 0.23907682716862128
344 2302.476914926707 1941.9319006876835 101.96995310838865 70.23855263135475 64.0 2.615987816131033 1.6300794938906555 0.37687802525720715 -35.05239054488898 0.21182185283677876 116.2326091949184 30.85219161872343 26.236680032561193 0.25559952430846644 145.1080240812923 34.56014172678878 25.99577142896983 0.23194926449922537 166.06615018475637 35.0982426074135 25.849297205538086 0.20817498220353128 166.67554517903952 28.981910105194395 25.84532028916564 0.17406129117468055 150.26794951245438 14.76343977418695 25.957834099334445 0.10175048861864307
345 1547.9888644055395 2389.4339667703866 102.01026440105089 70.2466256704197 5008.0 9.74960184536098 9.39319926732727 0.03655560336582264 4.806039987875636 0.7817496490319776 47128.531150931485 770.609847760081 19.71679023907884 0.01760955169284394 63439.90318214831 790.4308357013243 19.3940937212048 0.013444172422984537 76226.49467192091 863.2576341726049 19.194735127757276 0.012226753406373567 88838.7363251512 815.4002824217322 19.028494069110035 0.009919900464495748 68745.40513641866 376.8255990873361 19.306890810674656 0.005935174155281089
346 3601.956152165382 1952.6775497959723 101.9005574550706 70.23873732247156 101.0 1.7868331311514971 1.7280240962936293 0.032912438118924525 52.19929969294019 0.6324936791520452 1158.734121603017 412014.9109790148 23.740040510106617 6.380372039125332 1488.3534005042516 116.13600489203765 23.468234839875176 0.08157697425311491 1648.2090509039265 1760.677396264814 23.357469263308257 0.7890006002105119 1498.7586892055258 178.58828009238843 23.46067071504871 0.12222798585307267 1390.3047600247078 74.13652273602958 23.5422249758224 0.05640488380050968
348 2986.447495924235 1952.3629533853782 101.93342730210787 70.23873939407564 58.0 1.7143950231974225 1.4818778493455071 0.13562637006391942 76.42835117801502 0.4686703858460628 316.5460886626828 49.018134885059986 25.148907620951817 0.15631683671850097 298.6345091972647 46.15436399392547 25.21215002026173 0.1560331255155281 166.99343222491908 32.19035681509631 25.843251522798198 0.19138649686082965 214.71168252503065 29.507350700753022 25.570360812079805 0.13980958131916382 244.58082532349914 17.222368850733393 25.428943984588418 0.07388133691461728
349 1795.0334905203144 1950.6271602113288 101.9970520119845 70.23870601059778 36.0 1.7252864802247276 1.2846129461585776 0.25542049921399146 -48.19775737518085 0.2581649964674257 29.909288652917194 15.897909528851413 27.71048478970409 0.46281911162357 36.66722356631724 17.44808460418503 27.48930493368028 0.42260527359816175 63.1399751813906 20.8463007079341 26.89923898288283 0.3097597934990714 78.63552155636762 19.630469076212368 26.660953070936387 0.24196116266235052 49.495354158544615 8.213997277749625 27.163588909635674 0.16670439348300103
350 1870.953578510701 1983.0670414213082 101.99299863332895 70.23929253136241 183.0 4.163705962287683 2.1673424069346674 0.4794679483697607 -65.35575218249521 0.44058418657174037 401.25009723417253 57.83300465964407 24.891462123363258 0.1461903918208271 447.6627402184647 59.50018853479931 24.77262262807375 0.13549138090121973 531.9286432767875 61.9278033454898 24.585366557935515 0.11957024625348067 643.0709255885934 56.20475368279599 24.379352813050836 0.09097387252635403 520.4588961709566 26.89487272940488 24.609033909240612 0.05470419134421465
351 2871.0505516538524 1962.773171145722 101.93958963287129 70.2389281417425 122.0 10.16379839659757 4.594628139841937 0.547941826415995 -60.841041519474906 0.2837046417618638 109.22746835489593 30.02965339305869 26.304170330478275 0.26371386714384504 139.22171651289128 35.50331394649136 26.04073253993683 0.24662035207521388 173.9134889466078 36.345210288390916 25.799166830676242 0.2060517639866649 228.7249818577668 33.60991242669752 25.50171599545239 0.14885614994269425 181.5657733997045 16.30643178967913 25.75241504020619 0.09337702470344458
352 1655.6890175964918 2024.5257412632996 102.00449629325 70.24003858275029 501.0 5.893640359405425 3.2210916142458252 0.4534631538713736 81.86891074688076 0.5360268334668231 4849.738390544261 393.9385940816521 22.185704219786796 0.08479404703288149 52519.472627575225 24516722.10783511 19.59919910878331 6.6751784852802505 5295.533694729668 318.765606671897 22.090225660658916 0.06346456414556409 5457.3483734742495 239.98664954817903 22.05754580463488 0.04672520020126359 5752.650160828241 142.3041090905309 22.00033009041928 0.026531191435999864
354 2234.259947329383 1969.9623534238133 101.97359639561587 70.23905848754949 99.0 2.838046986679404 1.9677316120688348 0.30665995971717963 63.92608182424242 0.31079825255326976 232.92432719749746 44.63454704531308 25.48196287574479 0.19035066913779905 253.33713966863326 45.63605083284668 25.39075284302482 0.17983345815622437 289.0295836928792 46.00954049577637 25.247644256629236 0.16038306845357042 319.79831431481836 39.710342502736815 25.137809574470875 0.1270829556549891 282.6728761699039 20.04336887268072 25.271789655420008 0.07437897460236591
355 3154.1557737745484 1973.0794357940708 101.9244705870059 70.2391119241531 231.0 4.478245768327141 2.507177217669146 0.44014300523624283 -13.828026866485525 0.4008807366526161 758.5869823354951 73.07161146365031 24.199986535602875 0.09984923456747041 777.5235613778656 73.79270351431782 24.173216104076438 0.09844343137695186 973.2613228264897 78.0747245324568 23.92942633760282 0.08378022611916663 974.8880221310912 62.89204919525061 23.92761316373676 0.0678764802504774 885.5964560310302 32.27421883070809 24.031910325200382 0.03886406210740473
356 1634.7824977905814 1951.119786110614 102.00560985667184 70.23871291520253 22.0 1.4559412588502763 1.1630803775059408 0.20114883039690834 -53.78608585888388 0.3069955010043063 40.84930103198231 64.02199986082154 27.37203842558596 1.023680063868537 0.17353581897132267 0.19560421055144767 33.301527175726676 0.8195050322692388 105.69912230891144 55.75983343956759 26.33982154729385 0.4599768955804134 130.10906343904873 77.7945076080491 26.114231123229693 0.5088859958215942 122.85339275972474 33.561352337973396 26.176532113497373 0.262226341648373
357 2069.1540906264563 2028.2806781885665 101.98241481063101 70.24011054904065 610.0 6.50865464325853 5.936472746987463 0.08791093207929168 -32.562307040540176 0.44857452835001216 987.3766552584485 99.21625638532024 23.913792862763593 0.10396003176342249 1233.1387058672617 109.24569373151537 23.67247017589769 0.09216241689558025 1413.0417266718412 107.2194777593422 23.524612533461116 0.07940806565398582 1682.8731551528388 95.96061275303897 23.33487154323517 0.060209956089252836 1404.204906159563 47.21109807530521 23.53142378478679 0.0359035537337062
358 2393.4238849812155 1987.3789019742478 101.96509656016194 70.23937341975221 109.0 4.703940204087154 2.2232474981025367 0.5273648469912937 16.28072720898849 0.3951273727141314 343.9907815202884 53.86616350771568 25.058632989417934 0.15795034828873467 353.49659285353147 53.742067062415565 25.029036919392176 0.15365941854398993 386.7961425223882 53.093722648473474 24.931294664352595 0.13965455479672237 366.4800652110747 42.27707938496392 24.98987410988516 0.11853750161881968 369.3760826209976 22.836694429116932 24.98132807219886 0.06513241595136769
359 3265.653048699106 1953.0059322040183 101.91851694219616 70.23874823061375 18.0 1.1566663108047788 0.9932770067882605 0.14125880773931787 -77.687858688085 0.2321168377354204 21.281584986920237 11.382588661690031 28.07999007564177 0.4651692649130176 32.16800596472671 14.154373485088486 27.631439648441077 0.3959167978746378 23.7030792940772 11.71222273911703 27.962988076582786 0.4359654514691589 36.15107390474052 11.20970604884466 27.50469699253666 0.29324410724764777 28.796662061722333 5.3849980081098145 27.75164462540999 0.18612750262254366
362 2060.260690805006 1973.0926926307352 101.9828886397348 70.23911403823422 74.0 2.0548988685167777 1.6412671249675668 0.2012905597869007 -55.55290518474384 0.4476998134605631 228.1593234711809 45.24906763404758 25.504404448946975 0.19643404708295792 224.6865472913074 42.83391765823341 25.521057323536635 0.1894498499409367 240.85047003213162 42.087414952870546 25.445631254501517 0.1748590114291821 289.50933114601145 38.01816174385237 25.245843585023444 0.13396298713469942 249.5992855775229 18.82056867213766 25.406891655148147 0.07892824566557037
363 1845.189161079333 2098.775906072813 101.99437810494614 70.24138145722647 442.0 5.265333016180713 3.96705313798888 0.24657127558734349 55.00240446115477 0.5254549115978278 1715.647049430993 123.65312852426116 23.31393013074422 0.07556166290819966 1922.9308201477515 126.77448948251345 23.190090849425285 0.0693194147461936 2169.456913879475 127.77154965028124 23.059122426697257 0.06213289848576363 2356.3863173172253 108.59096687783516 22.969383769299114 0.04891607286145237 2075.4924153049533 54.45877278687841 23.10719712342893 0.02812125058766514
366 3309.877566026584 2113.6479812782836 101.9161491286101 70.24164815870097 2030.0 4.148849396620246 4.049429959302662 0.023963134790714213 -42.22513999967103 0.9050734480286817 52734.193114926355 690.0480274942666 19.5947692368395 0.014115141842737263 57828.41231524591 732.6001539618654 19.49464682782622 0.013668269553364445 64148.92341372783 696.0950768841634 19.382026569555467 0.011718115627447465 74366.86929172908 585.0190138762589 19.221551252814347 0.008507699690175655 63159.06490898115 294.9409432757327 19.398910771226955 0.0050583820088513825
367 1932.958545049118 2079.35200121213 101.98968986347325 70.24103159584743 1361.0 8.347498474449802 7.547602001891492 0.09582469227237955 -7.523406277551967 0.5036777312962937 7931.386721377364 270.1331301125366 21.65162718530282 0.03636303636953207 8629.231853068983 269.6663991978111 21.560069655214026 0.03341025818036222 9463.452140342471 268.5469851945151 21.45987602474184 0.030381177830614243 9839.550545829685 221.28154810752673 21.41756184739829 0.02414660010785333 9149.444619612728 115.02411211190216 21.49651316810106 0.013564467795355445
