MACS0647_photometry.ecsv
# %ECSV 1.0
# ---
# datatype:
# - {name: id, datatype: int64, format: d}
# - {name: xcentroid, datatype: float64, format: .4f}
# - {name: ycentroid, datatype: float64, format: .4f}
# - {name: ra, unit: deg, datatype: float64, format: 11.7f}
# - {name: dec, unit: deg, datatype: float64, format: ' 11.7f'}
# - {name: area, unit: pix2, datatype: float64, format: .0f}
# - {name: a, unit: pix, datatype: float64, format: .4f}
# - {name: b, unit: pix, datatype: float64, format: .4f}
# - {name: ellipticity, datatype: float64, format: .4f}
# - {name: orientation, unit: deg, datatype: float64, format: .4f}
# - {name: gini, datatype: float64, format: .4f}
# - {name: kron_radius, unit: pix, datatype: float64, format: .4f}
# - {name: local_background, datatype: float64, format: .4f}
# - {name: total_flux_cor, datatype: float64, format: .4f}
# - {name: F115W_flux, unit: nJy, datatype: float64, format: .4f}
# - {name: F115W_fluxerr, unit: nJy, datatype: float32, format: .4f}
# - {name: F115W_mag, unit: mag(AB), datatype: float64, format: .4f}
# - {name: F115W_magerr, unit: mag(AB), datatype: float64, format: .4f}
# - {name: F150W_flux, unit: nJy, datatype: float64, format: .4f}
# - {name: F150W_fluxerr, unit: nJy, datatype: float32, format: .4f}
# - {name: F150W_mag, unit: mag(AB), datatype: float64, format: .4f}
# - {name: F150W_magerr, unit: mag(AB), datatype: float64, format: .4f}
# - {name: F200W_flux, unit: nJy, datatype: float64, format: .4f}
# - {name: F200W_fluxerr, unit: nJy, datatype: float32, format: .4f}
# - {name: F200W_mag, unit: mag(AB), datatype: float64, format: .4f}
# - {name: F200W_magerr, unit: mag(AB), datatype: float64, format: .4f}
# - {name: F277W_flux, unit: nJy, datatype: float64, format: .4f}
# - {name: F277W_fluxerr, unit: nJy, datatype: float32, format: .4f}
# - {name: F277W_mag, unit: mag(AB), datatype: float64}
# - {name: F277W_magerr, unit: mag(AB), datatype: float64}
# - {name: F356W_flux, unit: nJy, datatype: float64, format: .4f}
# - {name: F356W_fluxerr, unit: nJy, datatype: float32, format: .4f}
# - {name: F356W_mag, unit: mag(AB), datatype: float64}
# - {name: F356W_magerr, unit: mag(AB), datatype: float64}
# - {name: F444W_flux, unit: nJy, datatype: float64, format: .4f}
# - {name: F444W_fluxerr, unit: nJy, datatype: float32, format: .4f}
# - {name: F444W_mag, unit: mag(AB), datatype: float64}
# - {name: F444W_magerr, unit: mag(AB), datatype: float64}
# - {name: F480M_flux, unit: nJy, datatype: float64, format: .4f}
# - {name: F480M_fluxerr, unit: nJy, datatype: float32, format: .4f}
# - {name: F480M_mag, unit: mag(AB), datatype: float64}
# - {name: F480M_magerr, unit: mag(AB), datatype: float64}
# - {name: F277W_PSF_flux_cor, datatype: float64, format: .4f}
# - {name: F356W_PSF_flux_cor, datatype: float64, format: .4f}
# - {name: F444W_PSF_flux_cor, datatype: float64, format: .4f}
# - {name: F480M_PSF_flux_cor, datatype: float64, format: .4f}
# meta:
#   __serialized_columns__:
#     F115W_flux:
#       __class__: astropy.units.quantity.Quantity
#       unit: &id001 !astropy.units.Unit {unit: nJy}
#       value: !astropy.table.SerializedColumn {name: F115W_flux}
#     F115W_fluxerr:
#       __class__: astropy.units.quantity.Quantity
#       unit: *id001
#       value: !astropy.table.SerializedColumn {name: F115W_fluxerr}
#     F115W_mag:
[...]
#     ellipticity:
#       __class__: astropy.units.quantity.Quantity
#       unit: !astropy.units.Unit {unit: ''}
#       value: !astropy.table.SerializedColumn {name: ellipticity}
#     kron_radius:
#       __class__: astropy.units.quantity.Quantity
#       unit: !astropy.units.Unit {unit: pix}
#       value: !astropy.table.SerializedColumn {name: kron_radius}
#     orientation:
#       __class__: astropy.units.quantity.Quantity
#       unit: *id003
#       value: !astropy.table.SerializedColumn {name: orientation}
#     ra:
#       __class__: astropy.units.quantity.Quantity
#       unit: *id003
#       value: !astropy.table.SerializedColumn {name: ra}
#     total_flux_cor:
#       __class__: astropy.units.quantity.Quantity
#       unit: !astropy.units.Unit {unit: ''}
#       value: !astropy.table.SerializedColumn {name: total_flux_cor}
#   date: 2022-05-30 07:57:25 EDT
#   version: {Python: 3.10.2, astropy: 5.0.4, bottleneck: 1.3.4, gwcs: 0.18.1, matplotlib: 3.5.1, numpy: 1.22.4, photutils: 1.4.0, scipy: 1.8.0,
#     skimage: 0.19.2, sklearn: 1.1.1}
# schema: astropy-2.0
id xcentroid ycentroid ra dec area a b ellipticity orientation gini kron_radius local_background total_flux_cor F115W_flux F115W_fluxerr F115W_mag F115W_magerr F150W_flux F150W_fluxerr F150W_mag F150W_magerr F200W_flux F200W_fluxerr F200W_mag F200W_magerr F277W_flux F277W_fluxerr F277W_mag F277W_magerr F356W_flux F356W_fluxerr F356W_mag F356W_magerr F444W_flux F444W_fluxerr F444W_mag F444W_magerr F480M_flux F480M_fluxerr F480M_mag F480M_magerr F277W_PSF_flux_cor F356W_PSF_flux_cor F444W_PSF_flux_cor F480M_PSF_flux_cor
[from data line 186]
187 2559.9380835461343 1079.4960063028782 101.92789574923849 70.24300086935281 1338.0 5.923421451323083 4.776938775626174 0.1935507518953974 -16.74180205310946 0.7437510228660836 1.2279385826013682 6.707117541884924e-05 0.9702347769585202 16361.281798281268 35.93371 20.86545668807465 0.0023819494526166477 20715.020827853394 32.622948 20.60928656426357 0.0017085213590056656 18298.515248294854 19.030851 20.743960369339543 0.0011286023405341144 14812.89927591932 12.431009 20.973399825624423 0.000910769492102493 16190.539311473574 12.498509 20.876846711332128 0.0008378256459095533 20811.45099400345 14.4175825 20.604244098279096 0.0007519068040571573 12048.54890015855 34.006042 21.197663138449442 0.0030600851235840923 0.9993070519044503 1.0000224394736115 1.000708655462162 1.0010053930819252
188 1730.9085860220712 1073.2311784078797 101.95451581435694 70.24103210287949 73.0 2.485386411837231 2.231356266559576 0.10220951722749316 89.50164387960204 0.1719413394829337 2.8976706671975556 7.566895598689412e-05 2.994471916822117 145.54629964799202 26.521126 25.992497078841637 0.1817437252546507 247.75202014305216 22.21934 25.41495698909558 0.09325122075215711 288.90066191279254 13.333647 25.248128657809513 0.0489880645030836 314.3897667148762 6.2423944 25.156328996368384 0.021346702165020034 445.0756042178779 6.2191668 24.7789155247628 0.015066278513938729 774.1742560134035 8.736139 24.177903186447377 0.012183335369811088 488.81973988275223 25.501192 24.677128161020487 0.05521366031499941 1.1602390414270303 1.1725002190905878 1.1869906096627891 1.1965488661951529
189 850.4028327233143 1086.4436598866978 101.98291834528692 70.23915273870996 110.0 2.7314973511830356 2.1834034529350532 0.20065693931959994 49.952193969747 0.3570268546486836 1.5859757693065342 -5.102423472818794e-05 1.1541638684275926 217.71903351750146 9.505323 25.5552590055979 0.04639621520973848 299.9639355096671 8.114407 25.207327392789672 0.02898031473493639 273.29363023318535 4.695668 25.308426226172816 0.018496420765237245 219.96615414995188 2.8460793 25.54411034563442 0.013957925841274322 246.3661876573992 2.7707891 25.42104724209541 0.0121427174007274 305.89690760607886 3.806126 25.186062283481455 0.013425932351680686 224.6679725896897 11.454529 25.521147084405428 0.05399052274466781 1.1018824678034886 1.115118097054871 1.132170441305938 1.1426745931801736
190 390.46928565201546 1087.1758211957974 101.99771037019522 70.23810220835723 24.0 1.4738782150950216 1.178240965948239 0.200584584342827 42.582457446004206 0.10395881309653876 2.5697676862896706 -0.00012601761430409007 2.117482823391878 34.580761297809744 8.0216675 27.552913624835803 0.22649951861583473 45.050256670100005 6.6270776 27.26575682580272 0.14900708715362257 58.726275673418854 3.8663557 26.977918851364855 0.0692268755662068 56.165095388791244 3.13908 27.02633374797317 0.05904692763799954 75.73009525918907 3.0705626 26.701828742214374 0.043153350148172065 100.61106624571433 4.3820205 26.393385621134318 0.04628738074844868 77.5390275532869 13.683222 26.67619912487121 0.176451067190691 1.5871258348634936 1.6188416046566143 1.6575246249294346 1.6815870826241837
191 2530.039131342242 1091.6779129092508 101.92893996332099 70.2430648381997 82.0 2.637519631516646 2.283895088365125 0.1340746582228005 76.20758907269796 0.15865333489402372 2.772400490318667 0.001000961917697139 2.485248390618295 84.94963326373602 16.290775 26.577096229211573 0.19048095434379136 170.84648683956698 13.46672 25.818484868207484 0.08237600678403663 185.27597363445852 7.953447 25.730452239540224 0.045635367438607924 142.3044845678562 5.115496 26.016953533478944 0.03834440869017782 185.28896842025452 4.952901 25.73037609143329 0.02864135306016277 247.46302435523478 6.8223333 25.41622420918092 0.029527592346957742 94.60996877973066 20.721098 26.4601577520734 0.21502352443592293 1.0832567167079399 1.0925618083491204 1.1047766099686986 1.112229710537851
192 2974.0068299265085 1094.1980589442253 101.91467646504277 70.24410855327785 65.0 2.5976925373470197 1.819111693751542 0.2997201679574556 -17.978914787526776 0.15149705402542835 2.473148880835692 2.693836825367848e-05 2.3264753952830994 112.19305295893747 13.893391 26.275085084861093 0.12675607365410807 135.7956620136127 11.392708 26.06778525837962 0.08746899420192612 141.273667125027 6.757245 26.024846953624557 0.050727991715431096 75.03751819112618 4.2807584 26.711803845878283 0.0602370190850402 102.82053712580145 4.1044273 26.369800329363414 0.04249811584076485 112.4781905572994 5.752702 26.27232919696685 0.05415661964895103 68.47339463554123 18.08119 26.81119535256265 0.25442054541439574 1.146141107407459 1.1614357899223609 1.17785571850507 1.1882343483079671
193 2648.2358439688824 1100.4069635711223 101.92519734459273 70.2434304277088 30.0 2.0638265359989796 1.2176567292764644 0.41000044914769596 -65.9589341661293 0.14559293445285867 2.9964065878999246 -0.0001196329730120075 3.8065547931805193 90.33880972291928 15.449055 26.510314089677138 0.17140371135839785 87.65826145248788 12.847192 26.5430178676605 0.14849192951336876 98.93140303411907 7.4434485 26.411664579407578 0.07876199556995858 76.29533913063527 5.5639863 26.693754980528045 0.07642538424699077 97.35741074119775 5.4563923 26.429077462144317 0.05920602158167143 93.33936053031417 7.4409347 26.474837947000502 0.08327701220690675 100.39538547455761 23.36371 26.395715621089856 0.22715844100192398 1.3184979190565809 1.3381240645995598 1.3620352566125966 1.376512930007174
194 2019.8229018904215 1104.0158559204133 101.94543341355804 70.24202960919338 28.0 2.178593492328504 1.2371608649437251 0.43212863285411063 1.4486583216120619 0.13231157712830868 3.1571902127743847 0.0003624543873380334 4.903625600164392 50.337100879304444 18.422148 27.14527950218255 0.338607300350591 43.86907901134729 15.15154 27.294603707724146 0.32211310418389394 102.1143805579124 8.823136 26.3772827320216 0.08997883659462316 87.66844948789122 6.4593124 26.54289168587284 0.07718601738065774 181.50186784667378 6.353968 25.752797253135377 0.037358981989800984 235.43952045935401 8.7041645 25.470301588684514 0.03941532687831156 133.11626260554857 26.158585 26.08942221051672 0.19479020330548133 1.2024207926813963 1.214122801462422 1.231924071289837 1.2409728978020313
195 190.75239382066948 1136.7726132954908 102.00446882166419 70.23818130135884 2844.0 7.467105436887688 7.2238858862388415 0.03257213289735217 15.984140433842471 0.7651796161195765 1.1841635915149205 -0.00014144685468149774 0.9602967138451021 58312.013581141946 65.0405 19.485604904075576 0.001210341821523176 78281.61365611415 61.85092 19.165850576507907 0.0008575100136737531 68698.56064863615 35.57666 19.307630905127805 0.0005621204879351193 56350.99347637181 31.887638 19.522746057185643 0.0006142175847276702 61475.81926082789 32.75865 19.428239187254487 0.0005784027220467351 80287.33667774752 35.470776 19.13838237107064 0.00047957003113192654 43740.26791840774 72.42014 19.79779640286131 0.001796151561066594 1.000619401347657 1.000803831040061 1.000944072140404 1.0010611319605425
196 2363.0930671421816 1112.3658736190348 101.93444978017308 70.2429073039293 11.0 1.0223527803233057 0.7584526464655572 0.2581302060667292 75.55413984489736 0.1516628087279615 3.0337406688004624 0.000329242613041344 2.619253547463957 21.110734599691586 6.3419924 28.088741635224267 0.28520535548664494 36.8702336717548 5.4142747 27.483310274913908 0.14876348997994526 29.448705488395674 3.074261 27.727334478134722 0.10780985431703076 37.86217210577968 3.7400103 27.45448618680649 0.10227647041797365 26.968205294812407 3.6073153 27.822869886045574 0.1363045368538009 36.82847199321069 5.0118165 27.48454074893135 0.13852742491304754 15.778909624587172 15.878136 28.404807528226247 0.755983472633142 2.045088901890902 2.0953460787291003 2.1568426246210644 2.1986473960992794
197 421.1262628299659 1139.1718386744815 101.99707888700719 70.2387379919965 80.0 2.6982792962145545 2.0394582951859554 0.24416338292068807 60.359383897943516 0.18759432653801028 1.9552355341825216 -0.0004071793381686375 1.6851246535830586 17.01959009032194 11.249548 28.322627259814098 0.5509086654836199 71.91539759483162 9.508372 26.757945285359128 0.13482329655947534 147.03050804527427 5.6161666 25.98148135528902 0.04069972634065792 272.19684930310876 3.5831237 25.31279226522878 0.014199077034494332 532.1271535341124 3.8089452 24.584961448022035 0.007743974349583106 1531.9549006767145 5.9207253 23.43688504934917 0.004188083857408595 748.1349070373836 15.342563 24.215050202868795 0.022040766651948353 1.1555130038502721 1.169771520630113 1.1878478477154562 1.1990217682424094
198 530.9345272752593 1146.5882439884738 101.99359902526977 70.2390714188638 266.0 3.8088614291707548 3.686026032974025 0.032249898947747435 -60.78706631683996 0.3593440026023506 1.6234589947694855 -8.232490496382289e-05 1.2113980159003401 532.6553352083092 15.380578 24.58388429654844 0.030906844675063272 754.2193261099509 13.032224 24.206255858573762 0.018600294573116894 663.4736853225434 7.58645 24.345440743588327 0.012344344329602394 555.2719159272492 4.2265167 24.53873572837629 0.008232914017883146 593.0518208702767 4.0937533 24.467268390810617 0.007468935419748329 745.5522718064041 5.55558 24.21880475523823 0.00806051033789297 485.3510006599345 16.562746 24.68486017660866 0.03643290300065317 1.022006752174212 1.0282215083612494 1.035399459003209 1.0394308506525662
199 2665.3794316700482 1150.2789749401109 101.92498374374367 70.24401192157318 378.0 4.049372327227752 3.7437886420200743 0.07546445733155993 -67.76251589489078 0.5198803138393726 1.3843865464386895 0.00010098901743163562 1.047022319656229 1186.6867326367312 16.182566 23.714159782738324 0.014705883246678292 1704.7285447609643 13.908973 23.320861916896042 0.008822636992492628 1638.7081103349572 8.242189 23.36374599215685 0.005447226470850464 1388.5124945934963 4.968015 23.543625519693208 0.0038777665415607628 1595.3935012296783 4.913315 23.392830453405086 0.0033385908930400787 2210.326724343088 6.4157534 23.038858813421204 0.0031469219329315137 1211.2682891000115 17.60604 23.691899131054697 0.015667810234129307 0.9986507708179116 1.0032324829166441 1.0074740545697067 1.0098381933696403
200 2038.9541932408977 1147.006759951205 101.94510978829052 70.2425408750434 19.0 1.9819703001393254 0.7124497380391632 0.640534604383789 -83.06068853648563 0.17384341343174922 2.795609330866843 0.00029941725615329547 2.531031698900022 34.607759892963486 8.129427 27.552066277523867 0.22908110092709752 49.73689369262363 6.6727114 27.158303354977186 0.13668599869646533 48.242767043284545 3.8211722 27.191419476197233 0.0827620399884843 36.484179602794235 3.9390776 27.494738537533028 0.11131680027843388 41.68290687812414 3.8159711 27.35010500467513 0.09510672278812196 53.773012627602355 5.467531 27.073589078841955 0.10513667063558983 36.131657172462276 17.404316 27.50528029782702 0.4268945509123601 1.77999242480159 1.8159750395033083 1.8584170582843185 1.8874512466914448
201 752.4704857420378 1157.352689758951 101.98654956311464 70.23969826259962 152.0 3.1467565198317833 2.8693876437595724 0.08814437161698108 33.03772729447639 0.2861826855308446 1.8770176984213338 -0.00021419448644678809 1.3989384428863039 257.4289217626337 13.262904 25.37335665585266 0.0545445106860617 364.3138228943392 11.12622 24.996310875814736 0.032662352319623715 328.0339997612279 6.451139 25.11020285151776 0.021144918245376454 252.6576571602831 3.7924721 25.393668838240153 0.016176144097673862 275.9101066809214 3.657873 25.298080977187652 0.014299546865387223 334.79276769225254 5.0092 25.08805983088804 0.016124554721799335 196.02007403242632 15.396899 25.669248627793777 0.08209825522473674 1.061544467425648 1.071587344209476 1.0833098002695778 1.0905337072106853
202 882.9316942966736 1170.9227272457144 101.98244716852948 70.24014588143774 596.0 6.639459278424867 5.178200763936989 0.2200869759434001 69.94245462639891 0.3118155863336276 2.0714929769527033 0.0006773155521647258 1.463306651879513 1030.3738040234118 27.64839 23.86751297810676 0.02874992296472711 1470.1523704779693 23.002762 23.481594128727412 0.01685645648716766 1384.9501843645837 13.485838 23.546414618926015 0.010521124805253763 1178.1919489905756 7.4666924 23.721959873200777 0.006859050495780405 1372.5145321747057 7.2178307 23.556207621366127 0.005694749293984647 1847.2897319555755 9.814757 23.23366245939424 0.005753309011501648 1081.051245135533 29.440548 23.81538429667988 0.0291726799518401 0.9927634994817314 0.9950822645698499 0.9976544353096688 0.9993355932637733
203 2881.3121407875224 1158.674004893912 101.91809470575377 70.244597493319 34.0 1.8933069417741601 1.2894807626615252 0.3189267232849249 83.24422762476233 0.1600584877429598 2.2468485726588883 0.0004135597292928986 1.7345759494606452 49.67662604345966 7.532163 27.159619771031313 0.15327666197101245 60.65887559132181 6.140048 26.942764110723225 0.1046877729520505 59.53197457659005 3.6039555 26.96312428095913 0.06381573864856711 51.25138752120718 2.757655 27.125735931307503 0.05690212471590471 44.38840339300326 2.6526253 27.281826189592397 0.06301821591230888 58.44503708247099 3.7856426 26.983130903693628 0.0681422650297372 34.506752571038184 11.656182 27.555239775549893 0.3159733050057193 1.368766416062531 1.3949315516013285 1.4287367234922135 1.450017330607289
204 2718.761657203466 1179.7053543493769 101.92346594943984 70.24445408795508 805.0 4.745450090595849 4.392924570326204 0.07428705676796643 -65.25139280113648 0.6889153172321162 1.2858504119367316 -8.922557001027448e-05 0.9860966324897067 6835.851151421307 25.805311 21.81301850619633 0.004090933244921573 9076.509065432041 23.122679 21.50520288561802 0.002762428274872631 7921.681419428767 13.452349 21.652956568224354 0.0018421990728772742 6273.209761218904 8.3935175 21.906275476112498 0.0014517376176728495 6695.6176981903645 8.259529 21.835523378392065 0.0013385087988332157 8875.90898427348 10.115662 21.529467899445738 0.0012366830631405134 4663.828893863669 25.245165 22.228143478284462 0.005861208268663723 0.9968168852930259 0.9984751844315978 1.0000283698734596 1.0007053557806536
205 1223.801471162486 1181.9164375817911 101.97156127880862 70.24104905650636 177.0 3.1873882159471094 3.169561931234769 0.005592756044949909 -65.90084381801341 0.3006670078342514 1.8152723485084137 0.00024507870338041736 1.2846409536400283 341.9273488694053 13.433402 25.065165402527008 0.04183904955079891 431.05018139774654 11.045675 24.813680419519724 0.027471532112426415 399.19289584660373 6.5076795 24.897042990368426 0.017557048720884226 299.76470418161625 3.8816926 25.20804876128745 0.013969091298735272 326.3422105332653 3.7487288 25.115816872563208 0.012400881265705835 409.7991193615755 5.1043077 24.868572448028978 0.01344000308604533 238.47885866719105 15.403967 25.456375288636643 0.06795859643266841 1.0599380440251824 1.06958582844668 1.0799742945935007 1.0859405338726575
206 1322.4560613025687 1180.5961963191871 101.96837990819213 70.24126138915344 40.0 2.347353899503553 1.1958001788848553 0.4905752476702564 -42.403775570078814 0.15689396561260768 2.052807514005151 0.00016353517290410287 1.4411384494860977 28.0964160683617 6.8399897 27.778372686091473 0.23656824812801233 38.4103602506 5.653284 27.43887904892421 0.14908008603473843 63.78087706456062 3.3334844 26.88827378243788 0.05531243950647932 68.58173244093129 2.7575455 26.809478870959012 0.04280064382483263 140.9895209309769 2.8258173 26.02703291288238 0.021545930747546325 230.8345818754672 3.9917972 25.491747819893035 0.018615023725898648 205.88801591810423 11.974101 25.61592232884233 0.06137662732584415 1.4605603624408172 1.489841821149555 1.526436544623312 1.5494811148045193
