MACS0647.ecsv
# %ECSV 0.9
# ---
# datatype:
# - {name: id, datatype: int64}
# - {name: xcentroid, unit: pix, datatype: float64}
# - {name: ycentroid, unit: pix, datatype: float64}
# - {name: sky_centroid.ra, unit: deg, datatype: float64}
# - {name: sky_centroid.dec, unit: deg, datatype: float64}
# - {name: area, unit: pix2, datatype: float64}
# - {name: a, unit: pix, datatype: float64}
# - {name: b, unit: pix, datatype: float64}
# - {name: ellipticity, datatype: float64}
# - {name: orientation, unit: deg, datatype: float64}
# - {name: gini, datatype: float64}
# - {name: F105W_flux, unit: nJy, datatype: float64}
# - {name: F105W_fluxerr, unit: nJy, datatype: float64}
# - {name: F105W_mag, datatype: float64}
# - {name: F105W_magerr, datatype: float64}
# - {name: F125W_flux, unit: nJy, datatype: float64}
# - {name: F125W_fluxerr, unit: nJy, datatype: float64}
# - {name: F125W_mag, datatype: float64}
# - {name: F125W_magerr, datatype: float64}
# - {name: F140W_flux, unit: nJy, datatype: float64}
# - {name: F140W_fluxerr, unit: nJy, datatype: float64}
# - {name: F140W_mag, datatype: float64}
# - {name: F140W_magerr, datatype: float64}
# - {name: F160W_flux, unit: nJy, datatype: float64}
# - {name: F160W_fluxerr, unit: nJy, datatype: float64}
# - {name: F160W_mag, datatype: float64}
# - {name: F160W_magerr, datatype: float64}
# - {name: TOTAL_flux, unit: nJy, datatype: float64}
# - {name: TOTAL_fluxerr, unit: nJy, datatype: float64}
# - {name: TOTAL_mag, datatype: float64}
# - {name: TOTAL_magerr, datatype: float64}
# meta: !!omap
# - __serialized_columns__:
#     F105W_flux:
#       __class__: astropy.units.quantity.Quantity
#       unit: &id001 !astropy.units.Unit {unit: nJy}
#       value: !astropy.table.SerializedColumn {name: F105W_flux}
#     F105W_fluxerr:
#       __class__: astropy.units.quantity.Quantity
#       unit: *id001
#       value: !astropy.table.SerializedColumn {name: F105W_fluxerr}
#     F125W_flux:
#       __class__: astropy.units.quantity.Quantity
#       unit: *id001
#       value: !astropy.table.SerializedColumn {name: F125W_flux}
#     F125W_fluxerr:
#       __class__: astropy.units.quantity.Quantity
#       unit: *id001
#       value: !astropy.table.SerializedColumn {name: F125W_fluxerr}
#     F140W_flux:
#       __class__: astropy.units.quantity.Quantity
#       unit: *id001
#       value: !astropy.table.SerializedColumn {name: F140W_flux}
#     F140W_fluxerr:
#       __class__: astropy.units.quantity.Quantity
#       unit: *id001
#       value: !astropy.table.SerializedColumn {name: F140W_fluxerr}
#     F160W_flux:
#       __class__: astropy.units.quantity.Quantity
#       unit: *id001
#       value: !astropy.table.SerializedColumn {name: F160W_flux}
#     F160W_fluxerr:
#       __class__: astropy.units.quantity.Quantity
#       unit: *id001
#       value: !astropy.table.SerializedColumn {name: F160W_fluxerr}
#     TOTAL_flux:
#       __class__: astropy.units.quantity.Quantity
#       unit: *id001
#       value: !astropy.table.SerializedColumn {name: TOTAL_flux}
#     TOTAL_fluxerr:
#       __class__: astropy.units.quantity.Quantity
#       unit: *id001
#       value: !astropy.table.SerializedColumn {name: TOTAL_fluxerr}
#     a:
#       __class__: astropy.units.quantity.Quantity
#       unit: !astropy.units.Unit {unit: pix}
[...]
#     orientation:
#       __class__: astropy.units.quantity.Quantity
#       unit: &id002 !astropy.units.Unit {unit: deg}
#       value: !astropy.table.SerializedColumn {name: orientation}
#     sky_centroid:
#       __class__: astropy.coordinates.sky_coordinate.SkyCoord
#       dec: !astropy.table.SerializedColumn
#         __class__: astropy.coordinates.angles.Latitude
#         unit: *id002
#         value: !astropy.table.SerializedColumn {name: sky_centroid.dec}
#       equinox: !astropy.time.Time {format: jyear, in_subfmt: '*', jd1: 2451545.0, jd2: 0.0, out_subfmt: '*', precision: 3, scale: tt}
#       frame: fk5
#       ra: !astropy.table.SerializedColumn
#         __class__: astropy.coordinates.angles.Longitude
#         unit: *id002
#         value: !astropy.table.SerializedColumn {name: sky_centroid.ra}
#         wrap_angle: !astropy.coordinates.Angle
#           unit: *id002
#           value: 360.0
#       representation_type: spherical
#     xcentroid:
#       __class__: astropy.units.quantity.Quantity
#       unit: &id003 !astropy.units.Unit {unit: pix}
#       value: !astropy.table.SerializedColumn {name: xcentroid}
#     ycentroid:
#       __class__: astropy.units.quantity.Quantity
#       unit: *id003
#       value: !astropy.table.SerializedColumn {name: ycentroid}
# schema: astropy-2.0
id xcentroid ycentroid sky_centroid.ra sky_centroid.dec area a b ellipticity orientation gini F105W_flux F105W_fluxerr F105W_mag F105W_magerr F125W_flux F125W_fluxerr F125W_mag F125W_magerr F140W_flux F140W_fluxerr F140W_mag F140W_magerr F160W_flux F160W_fluxerr F160W_mag F160W_magerr TOTAL_flux TOTAL_fluxerr TOTAL_mag TOTAL_magerr
[from data line 868]
1177 2914.577288950286 3051.7353851710445 101.93724394418163 70.25858968634269 32.0 1.652989359839726 1.1188466071478453 0.32313744157655755 -38.382252806663764 0.30677262230097196 59.48085078253376 20.443041499970008 26.964057070469472 0.32074863500489575 47.08338359074857 16.89719962163734 27.217830836640914 0.33295132304015534 57.25737177212769 17.042505318957414 27.005421477105408 0.2828917154534256 74.18832318887999 16.020717102130885 26.72416111192714 0.21228626819233407 63.9455497150963 8.11218658310124 26.88547418704968 0.12967572352814485
1178 2772.955809162889 3048.520694443883 101.94481426071853 70.25853241745884 10.0 1.0320850042233223 0.647131511076625 0.37298622843220874 60.318115060690914 0.15296573382997555 12.406257444852425 8.786992660103111 28.66589802735397 0.5813919356967077 17.124629675505503 9.856154833900977 28.31594702865796 0.4935834619710674 12.285839750623303 7.226381091426029 28.67648788416288 0.5022546410110991 20.043638930873655 8.310453642211069 28.14505857326303 0.37659795564129006 17.80745859686512 4.20817751837503 28.27349514184061 0.230323237820219
1179 1578.2468645756915 3069.2770967129 102.00867728636008 70.25890105986828 70.0 3.0123508259794485 1.4260329503028362 0.5266046245330107 53.8912778589733 0.27957926447007214 94.66919190707722 26.75172788805587 26.459478324973404 0.27021212108178766 126.65870250227833 28.741337738239643 26.143412413047663 0.2220402303590789 135.36706952242653 27.765229082235624 26.07121743189135 0.20256732095849275 160.83276249852642 25.226897541180875 25.8840636961361 0.1581942538793539 127.86107721304434 11.847897505653608 26.133154102529698 0.09621486630502747
1180 1927.6756036845775 3073.9673723560963 101.98999866764393 70.2589898786434 66.0 2.286994843931758 1.594272401534371 0.30289637260680113 -74.03582709221 0.3613170302515478 151.31036024170893 33.663769261187205 25.95032833688577 0.2181058173555714 140.77934873936766 29.833767706492225 26.02865262055449 0.2086836603924669 190.46226929357326 33.39022346795428 25.700477613757712 0.17538245109186865 217.5459777620696 29.483185388029508 25.55612235507073 0.1379929229114345 188.03644314166942 14.71554581849406 25.71439493107592 0.08180773921099493
1181 1813.1100773081264 3064.6317310591303 101.99612250367817 70.2588201766466 23.0 1.812326293509302 0.8627117571373694 0.5239754782419144 67.75728107401564 0.2333563598327056 44.84920878597257 17.5353450802794 27.270613035558476 0.3583057196587168 37.52450797808478 14.731200364911432 27.46421248380791 0.359546831600675 43.13576033143542 14.811978982264215 27.312906356193647 0.3204976004829545 45.46999245060311 12.417387762517219 27.255687794752326 0.26214753303577815 40.84761237776295 6.374552225517221 27.37208330936301 0.15744803611145067
1182 1924.7061601011853 3187.1590010084115 101.99016045173593 70.26103358903977 1941.0 9.00166778111068 7.317506106414679 0.18709440468688332 19.37561976356612 0.5958411113118032 4336.606351378726 182.42748381092244 22.307124996151657 0.04473897870136566 7920.2141410206705 235.75603845768043 21.6531576902793 0.031846763294781394 10348.504401990065 255.12451707352378 21.3628060281497 0.02644233041783361 12522.312519061386 236.55477154411597 21.15578865434599 0.020318954870902853 8949.543423780622 105.05588510150989 21.520497800981325 0.012670891832980636
1183 3280.811228163441 3130.1172209536103 101.91766429794615 70.26000143711641 622.0 6.292649262081281 3.329740682465053 0.47085233201703225 41.92162394947812 0.6223222947634554 3948.6111423338357 296.068015217841 22.408889083266853 0.07850125530519617 -0.5193873044622084 0.909932512890782 99.0 31.50247704218078 5123.03066365609 293.2434729778287 22.126182611667346 0.060434205168792124 5731.738359092839 224.97757364747056 22.004284105960473 0.04180133023605526 5198.785073638541 121.1898788352581 22.110245341616192 0.025019310498539154
1184 2033.936518218743 3108.546802843358 101.9843192109582 70.25961510244373 295.0 6.150168554857815 3.9775629820622496 0.35325951694112445 -3.4287432537203557 0.5793724111395231 1267.3227839107094 100.31482855547941 23.642781893301283 0.08270948369949731 1434.1755958278015 101.58412320869503 23.50849417949771 0.07430236056667902 1546.0377458128414 99.39973277933733 23.42694976796189 0.06765323078784641 1734.7228719384218 87.57193726502375 23.301924738495437 0.05347133371727787 1525.1031383138293 43.54164930051717 23.44175196311111 0.030563489949429843
1185 2635.6059011542266 3077.3830403690017 101.95215599680036 70.25905399016236 95.0 1.7925157060736352 1.7038031835705798 0.049490513362013044 59.51438502663882 0.6136447380702018 402.3329624564693 65.40207988217958 24.888535962404063 0.1635357327184469 485.04265281081564 61.110311969867105 24.685550173773247 0.12883591266105557 557.0525092813003 60.43411553262287 24.53525966280052 0.11182855008962446 571.3652529048962 50.66468203068822 24.50771543600549 0.09224364959954783 535.9858223987067 26.214532952136956 24.57711674468338 0.05184453412510663
1186 2012.4399416572192 3070.0419021631656 101.98546747293703 70.25891971298725 37.0 1.9949040477216986 1.2025518936086337 0.39718810286538797 -54.240455523317756 0.26142172419161025 58.74248920517082 19.88696617006645 26.977619135630885 0.3165823045005949 67.21734947908817 20.34688887193899 26.83129654167547 0.28711347781868507 64.81303258564614 18.416122783053893 26.87084414385209 0.2715328621545726 68.51118031757953 15.770467517636424 26.810596375866695 0.22492892121899696 69.6728847899347 8.591949483472096 26.792340518072475 0.12625719296362747
1187 3067.8386269476096 3100.291139430344 101.92905017308738 70.2594651912674 271.0 4.371807346864218 3.3851509762063476 0.22568615045801887 37.02293634691772 0.35748000483627457 718.9613629058724 71.89006485736127 24.258236120105533 0.10347337763898556 818.611810660749 72.83921315254489 24.117304984470614 0.09254870470191524 818.3104912473998 67.83635657927475 24.11770470215982 0.08646894456440957 881.6911236356814 57.78461975760547 24.036708828538327 0.0689227570420371 833.2885924122832 30.372662200716622 24.098011408889324 0.03887000091017335
1188 3313.1950534051134 3081.79962012993 101.91593497194424 70.25912862651236 67.0 3.927249202695793 1.4313738158724418 0.6355276321935721 80.07379810990292 0.2850872555307144 169.32314931319942 93.41038661194948 25.828209156238266 0.476997932966258 -1.6671714381032905 0.48155508718163353 99.0 32.19338506215564 72.8977806950575 78.86684640732891 26.743214232928022 0.7961406307924185 267.37027647329086 58.45048606273951 25.332217187160953 0.2146640765298859 219.1034047824029 35.776110751867265 25.548377184045282 0.16421451646192767
1189 1548.6305037342604 3203.9764054635525 102.01026644056236 70.26133269035086 1991.0 4.29946081595214 4.015346365937424 0.06608141396720646 -48.72132821568617 0.9072589292867475 60506.55828128173 6357.707634894294 19.445493874484242 0.10847907691572786 268.19922780895735 162.44233043498366 25.328856192225135 0.5141460379057494 97337.03830078078 1331.1138269001913 18.929304680704778 0.014747167566453483 100974.11938258908 1055.6009848967212 18.889474814296886 0.011291555258334633 98671.43021061517 597.2872617663953 18.914521441983396 0.006552469325845196
1190 2095.0316826715525 3065.4221955711955 101.98105243206128 70.25883688470567 26.0 1.7643898499978594 1.0388106400996726 0.41123519833163125 -12.73116796603682 0.17320259547040262 32.00230745309346 14.275221689954066 27.637046766855132 0.4004721743075176 47.472281502333956 16.658761796366786 27.20889973932302 0.3265705022684337 43.263878765701484 14.66434697247265 27.309686367638378 0.316911934789669 48.07047540811871 12.770662124663717 27.195303956894854 0.25579727029762156 44.505668339462424 6.66469097503175 27.278961681998346 0.15150784841507423
1191 3008.22149480159 3094.1089481846975 101.93223724754372 70.25935407791665 138.0 3.679461589693719 2.778011744723883 0.2449950415285823 -83.20305770426447 0.3434569661848595 208.85014626897197 37.079931848011526 25.600413040597516 0.17744215993707924 198.16901536811804 34.60860941071276 25.657410621178123 0.17476370220841203 251.11604906042552 36.78810913907767 25.400313825588782 0.14843366918428216 324.0717715118858 33.70084691049064 25.123396992078067 0.10741474068390268 258.6596768064623 16.07823700513344 25.368178173525454 0.06547466393138292
1192 2013.7761848563168 3077.9949611798334 101.98539622500397 70.2590633201611 43.0 1.989204876031787 1.3501012636963272 0.32128596708972024 63.34577184881853 0.28036873277088714 93.48078890197621 25.872479806098465 26.473194077928632 0.26527987156919836 88.22268791061751 23.513994979912024 26.536049286396125 0.2565387223536162 116.712382301701 26.006327123308647 26.232207665370026 0.2184099399125393 99.18050618724044 19.47195025309898 26.40893419882964 0.1946260332459394 96.121912926059 10.300939568848591 26.44294398717541 0.11053122546533621
1193 2744.7743417495863 3087.1590294190773 101.9463202310429 70.25923017013326 95.0 2.4363578736323115 2.0004210768495514 0.17892970548404352 9.622856428083582 0.37384489016391814 263.364324181577 44.334008756922785 25.348607639309172 0.16892049759460936 297.2080842917936 44.011320734967896 25.217348454005055 0.14993275743313975 328.743994097239 43.64628973921742 25.10785543164903 0.13535128447344555 355.15927320184574 37.38690211997248 25.02394210355813 0.10866897924194034 314.93886782381514 18.89140486966123 25.154434345235046 0.0632486382530586
1194 2993.2590386910188 3075.6076744929533 101.93303751386318 70.2590201462209 14.0 0.9998470509384884 0.9349258194043377 0.06493116269454757 32.11583045664208 0.18403165057244977 10.792368453784022 7.819466062895971 28.81720809043969 0.5916810465342792 19.270590599969537 10.393629461156348 28.18776243749509 0.4683447731142098 15.426942178093233 8.10418902758671 28.429300370646576 0.4584073841429458 28.342427408126674 9.679157342673138 27.768907392560035 0.31898292863005767 20.34270889727985 4.2924628302775485 28.128978038955164 0.20786702398975568
1195 2947.3229253986956 3078.63906212728 101.93549298350138 70.25907522285856 12.0 1.2426347938546771 0.7081617682058512 0.43011271557178943 46.17939334935824 0.05784393841746063 8.467554662417614 6.513794623893304 29.080604977700443 0.6194823016982208 12.898969576275283 7.044577509433323 28.623612453944038 0.4731184610935086 13.343899708423056 7.0926820221689795 28.586793077033022 0.46281371815448696 19.581637928231856 7.5760628366168055 28.17037745990198 0.35510995682012303 15.692166804402273 3.661348489748907 28.410792710149515 0.22769236017694608
1196 2663.3953085005523 3148.112518741522 101.9506699544534 70.26033098381346 662.0 6.55272544574401 3.5904811969336077 0.45206292760737865 -38.19812349587631 0.5788005067487351 5542.85992685249 206.46996205406174 22.040665240720575 0.03970831222305288 5672.859283126965 201.76350198000898 22.015494972746723 0.03794493623125983 6055.458432887448 197.3876470840537 21.944632431741276 0.03482677729479517 6608.075769586479 169.17362418940968 21.84981246486815 0.027446133353574344 6064.691866223869 86.66799448517263 21.94297814948246 0.015405985554543058
1197 2764.501691266064 3122.341029071006 101.94526524832419 70.2598653206796 250.0 4.055823864438012 3.519036206405438 0.13234984456282672 6.467074136968845 0.3888665786016687 829.5081666276286 78.00220668368517 24.102948334816784 0.09757732968251843 925.8422537925097 78.2546647022513 23.983657506684445 0.08809659233249485 1131.7869516764965 83.69319681355482 23.765588293335973 0.07745796892806742 1353.2819555713827 74.81057165649429 23.571529272379685 0.058420138953967096 1075.2396675622629 35.37119822403897 23.821236805187993 0.03514160050358984
1198 2367.716835855566 3095.466532255118 101.9664762510922 70.2593805089452 33.0 1.950171432992502 1.349593568048908 0.30796157444580063 -62.73302929961985 0.14130890688409653 28.947567509124795 12.84684616461941 27.7459698114259 0.39876540385397036 53.5512281653756 17.394414181547692 27.07807641108456 0.305390724070578 52.51594591034052 17.020981371516154 27.099272019133753 0.3048107592318824 57.09654865596102 13.460636937487962 27.008475357448983 0.22982848044504367 52.103005225376066 7.043524698280247 27.10784306626379 0.13766624132729216
1199 3222.69757737941 3115.2195280734386 101.92077144041261 70.25973314470025 92.0 3.168421055825924 1.6201369075081025 0.48866110944153685 -49.0225624668605 0.3488717144814286 131.96638014676572 60.515184517775744 26.098841739721248 0.40981459059407344 111.16901728461688 438478.2986474237 26.285040583530282 8.990186079209513 252.56171674040982 61.82637971079519 25.394081197678403 0.2377464330861492 307.62024324033723 46.27999939892426 25.179962721930245 0.1521648729211571 261.0003162061427 25.04871144754678 25.358397416266367 0.09949860586025705
1200 2049.497525274454 3139.8569082758495 101.98348802765729 70.26018053654691 355.0 2.461619322914147 2.215975489698425 0.09978952916445283 -19.04348118356382 0.8166470931308486 4748.340392674886 204.7979978006908 22.20864538869888 0.045846544502115866 5189.806685870313 220.85703782019294 22.11212204700862 0.045248404717618436 5494.4290948545695 207.84795670742912 22.05019356694344 0.04031435237667505 6333.369440192226 172.49969034092976 21.895912944562525 0.02917625191061387 5662.151999561335 89.02807489758587 22.017546190621967 0.016938605495040202
1201 2305.988187316346 3101.509373474475 101.96977609370242 70.25948945709347 22.0 1.4005467644508636 1.1040986733501714 0.2116659711944182 53.18775809473555 0.19137478707109504 35.83711291187575 14.403387895936163 27.514167462434486 0.36680236215668105 32.03471449951033 13.049869275022896 27.63594785545935 0.37101801690608505 30.393982449891816 11.600572750503737 27.6930309790945 0.35101344320171585 39.86898664109868 11.105795623858878 27.398412006891917 0.26680045538472946 36.02576970793325 5.721124412073547 27.508466828759808 0.1600272548527138
1202 3076.803980550996 3112.084589506593 101.92857059628888 70.25967804702285 66.0 3.635031312031662 1.285687890046416 0.6463062406667881 31.726382780154925 0.22967615163462823 134.8003464847494 30.710144161237565 26.075772478770638 0.22283629406919742 116.1859597448036 26.73695180129029 26.23711587551327 0.22487051257889826 137.47557697513653 26.970343188723717 26.054436122348662 0.1944938805575293 139.1768446485533 21.840404584358257 26.04108253462003 0.1582635421748182 135.0216981584558 11.89719588288531 26.0739910855538 0.09168521169122772
1204 2731.3298156153965 3118.1599083162564 101.94703858290691 70.25978995914976 80.0 2.1877932819159884 2.012344384511308 0.08019445843211881 77.07768085133118 0.34975684649747174 221.78840061438163 40.08963447913475 25.53515292726263 0.18040061149180775 235.30672440823142 38.55833803553432 25.470914154311743 0.164755734073333 262.0503282111642 38.62655242806648 25.35403823004649 0.1492883201114395 303.53678702120095 34.64872188069761 25.194471668126276 0.11735915396557287 263.2688136926016 17.143264481171173 25.349001458799417 0.06849324889804606
