MACS0647_photometry.ecsv
# %ECSV 1.0
# ---
# datatype:
# - {name: id, datatype: int64, format: d}
# - {name: xcentroid, datatype: float64, format: .4f}
# - {name: ycentroid, datatype: float64, format: .4f}
# - {name: ra, unit: deg, datatype: float64, format: 11.7f}
# - {name: dec, unit: deg, datatype: float64, format: ' 11.7f'}
# - {name: area, unit: pix2, datatype: float64, format: .0f}
# - {name: a, unit: pix, datatype: float64, format: .4f}
# - {name: b, unit: pix, datatype: float64, format: .4f}
# - {name: ellipticity, datatype: float64, format: .4f}
# - {name: orientation, unit: deg, datatype: float64, format: .4f}
# - {name: gini, datatype: float64, format: .4f}
# - {name: kron_radius, unit: pix, datatype: float64, format: .4f}
# - {name: local_background, datatype: float64, format: .4f}
# - {name: total_flux_cor, datatype: float64, format: .4f}
# - {name: F115W_flux, unit: nJy, datatype: float64, format: .4f}
# - {name: F115W_fluxerr, unit: nJy, datatype: float32, format: .4f}
# - {name: F115W_mag, unit: mag(AB), datatype: float64, format: .4f}
# - {name: F115W_magerr, unit: mag(AB), datatype: float64, format: .4f}
# - {name: F150W_flux, unit: nJy, datatype: float64, format: .4f}
# - {name: F150W_fluxerr, unit: nJy, datatype: float32, format: .4f}
# - {name: F150W_mag, unit: mag(AB), datatype: float64, format: .4f}
# - {name: F150W_magerr, unit: mag(AB), datatype: float64, format: .4f}
# - {name: F200W_flux, unit: nJy, datatype: float64, format: .4f}
# - {name: F200W_fluxerr, unit: nJy, datatype: float32, format: .4f}
# - {name: F200W_mag, unit: mag(AB), datatype: float64, format: .4f}
# - {name: F200W_magerr, unit: mag(AB), datatype: float64, format: .4f}
# - {name: F277W_flux, unit: nJy, datatype: float64, format: .4f}
# - {name: F277W_fluxerr, unit: nJy, datatype: float32, format: .4f}
# - {name: F277W_mag, unit: mag(AB), datatype: float64}
# - {name: F277W_magerr, unit: mag(AB), datatype: float64}
# - {name: F356W_flux, unit: nJy, datatype: float64, format: .4f}
# - {name: F356W_fluxerr, unit: nJy, datatype: float32, format: .4f}
# - {name: F356W_mag, unit: mag(AB), datatype: float64}
# - {name: F356W_magerr, unit: mag(AB), datatype: float64}
# - {name: F444W_flux, unit: nJy, datatype: float64, format: .4f}
# - {name: F444W_fluxerr, unit: nJy, datatype: float32, format: .4f}
# - {name: F444W_mag, unit: mag(AB), datatype: float64}
# - {name: F444W_magerr, unit: mag(AB), datatype: float64}
# - {name: F480M_flux, unit: nJy, datatype: float64, format: .4f}
# - {name: F480M_fluxerr, unit: nJy, datatype: float32, format: .4f}
# - {name: F480M_mag, unit: mag(AB), datatype: float64}
# - {name: F480M_magerr, unit: mag(AB), datatype: float64}
# - {name: F277W_PSF_flux_cor, datatype: float64, format: .4f}
# - {name: F356W_PSF_flux_cor, datatype: float64, format: .4f}
# - {name: F444W_PSF_flux_cor, datatype: float64, format: .4f}
# - {name: F480M_PSF_flux_cor, datatype: float64, format: .4f}
# meta:
#   __serialized_columns__:
#     F115W_flux:
#       __class__: astropy.units.quantity.Quantity
#       unit: &id001 !astropy.units.Unit {unit: nJy}
#       value: !astropy.table.SerializedColumn {name: F115W_flux}
#     F115W_fluxerr:
#       __class__: astropy.units.quantity.Quantity
#       unit: *id001
#       value: !astropy.table.SerializedColumn {name: F115W_fluxerr}
#     F115W_mag:
[...]
#     ellipticity:
#       __class__: astropy.units.quantity.Quantity
#       unit: !astropy.units.Unit {unit: ''}
#       value: !astropy.table.SerializedColumn {name: ellipticity}
#     kron_radius:
#       __class__: astropy.units.quantity.Quantity
#       unit: !astropy.units.Unit {unit: pix}
#       value: !astropy.table.SerializedColumn {name: kron_radius}
#     orientation:
#       __class__: astropy.units.quantity.Quantity
#       unit: *id003
#       value: !astropy.table.SerializedColumn {name: orientation}
#     ra:
#       __class__: astropy.units.quantity.Quantity
#       unit: *id003
#       value: !astropy.table.SerializedColumn {name: ra}
#     total_flux_cor:
#       __class__: astropy.units.quantity.Quantity
#       unit: !astropy.units.Unit {unit: ''}
#       value: !astropy.table.SerializedColumn {name: total_flux_cor}
#   date: 2022-05-30 07:57:25 EDT
#   version: {Python: 3.10.2, astropy: 5.0.4, bottleneck: 1.3.4, gwcs: 0.18.1, matplotlib: 3.5.1, numpy: 1.22.4, photutils: 1.4.0, scipy: 1.8.0,
#     skimage: 0.19.2, sklearn: 1.1.1}
# schema: astropy-2.0
id xcentroid ycentroid ra dec area a b ellipticity orientation gini kron_radius local_background total_flux_cor F115W_flux F115W_fluxerr F115W_mag F115W_magerr F150W_flux F150W_fluxerr F150W_mag F150W_magerr F200W_flux F200W_fluxerr F200W_mag F200W_magerr F277W_flux F277W_fluxerr F277W_mag F277W_magerr F356W_flux F356W_fluxerr F356W_mag F356W_magerr F444W_flux F444W_fluxerr F444W_mag F444W_magerr F480M_flux F480M_fluxerr F480M_mag F480M_magerr F277W_PSF_flux_cor F356W_PSF_flux_cor F444W_PSF_flux_cor F480M_PSF_flux_cor
[from data line 496]
497 2047.4851252801616 2226.240892488359 101.95216118107003 70.25429358936302 209.0 4.503176096534732 3.1641855590531462 0.2973435878983194 47.638308495024255 0.18969093798733766 2.599251989011059 0.00247543722832755 1.5597559196019046 208.5643896862725 15.241936 25.60189960270462 0.07658049275532217 291.84665441516125 12.882 25.23711320215286 0.046896437299878864 355.40717662377165 7.5227156 25.02318451718051 0.022741365860744784 335.3755062948901 4.77819 25.086171646732463 0.015359633671540817 454.61566121178674 4.703356 24.75588901798218 0.01117508475804922 644.5057439851395 6.4895935 24.37693301939966 0.010877714671211158 440.2139457870637 19.285109 24.790840508259315 0.046552063127504276 0.9921296916056498 0.9971532006947682 1.005317766696492 1.0092345635832098
498 2419.6780221921863 2226.4925169079775 101.9401855442944 70.25514995446312 208.0 3.4711417457186036 2.9051569663484065 0.16305435526172263 -72.80523605728426 0.4199596025130232 1.7407760808290598 0.0006210632684403123 1.1461779180397984 414.39284919535845 11.520586 24.856469368568447 0.029772717748413245 577.6524579437688 9.998441 24.495833435925384 0.018631947456659866 596.9566402474939 5.8687735 24.46014303141075 0.010621913631328367 557.3143673456975 3.8603668 24.534749402145394 0.007494675913655564 666.9502495176405 3.8044827 24.339766401587156 0.006175764910135606 943.8608331656669 5.1246543 23.962730087993478 0.005879015361012389 625.2013905822494 14.902037 24.409950161718793 0.025575542985087425 1.02291803314651 1.0305965067139926 1.0399349855198032 1.0454207530840482
499 138.62912852188853 2234.726674681793 102.01363132009462 70.2499953276547 57.0 2.4094843640848236 1.7093159600134828 0.2905884821283248 28.198986242067285 0.21118546826349893 2.9256944521400245 0.00014186045530985964 3.0349607754680648 166.0884658006325 25.598003 25.84915131641923 0.15562995607922575 256.4681796344389 21.350784 25.37741627683301 0.08682099258401274 256.21192379791944 12.640076 25.378501656432086 0.052284834739702954 254.0907757532866 7.4910307 25.387527752094282 0.031546588660524975 296.8296049272081 7.2362137 25.218731964889788 0.02615096968243427 374.39030969386727 10.113799 24.966688501470408 0.02894096399131036 279.4479046970122 31.4824 25.284247855949825 0.11590549017960583 1.1661969396566711 1.1815360341870287 1.200410518739303 1.211728606943282
500 2037.6925815063335 2240.3881594222094 101.95257238470558 70.2544249225097 165.0 3.4533847774466984 3.2841890186123908 0.048994180995783676 -17.710501255510113 0.1931129459864381 2.975008019532357 0.0024300121137169903 2.635415910223529 257.23955905353967 22.834448 25.374155608833213 0.0923376238169575 382.4340221767127 19.488935 24.94360869719831 0.05396572865762804 452.28783631414666 11.244107 24.76146272968826 0.026661900903135905 451.5159302773037 7.424468 24.763317306014727 0.0177080265984702 632.3918443846505 7.29927 24.397534348911485 0.01246014467503415 1064.3683632991308 10.168268 23.83227010664887 0.01032317015048613 495.1229795886327 30.200352 24.663217291942733 0.06428401606856414 1.0198570154007383 1.0279341567352684 1.035118219754922 1.0398484132760883
501 1848.954464604498 2242.088854373157 101.95865727353909 70.25401021987702 88.0 2.7513928182614245 2.3648599063545714 0.14048626911481832 47.46074496898711 0.1887087501705848 2.5781631292235674 0.0007525806669103447 2.2954078314975637 175.35223973843057 20.743662 25.790221706480303 0.12139299527413037 226.4483605196117 17.608965 25.512577048126694 0.08130666507978694 250.06077197253217 10.096064 25.404886081070465 0.04297418372925017 223.78244898323956 5.0592985 25.525434944302766 0.024273083048949408 267.362209208163 4.8969607 25.33224994717482 0.01970623747105124 346.33082264431283 6.8255057 25.051272138808564 0.021189621279182908 217.8284571025776 21.124134 25.554713461642173 0.10049282240968606 1.1248468950859714 1.1365844178963862 1.1506310254210874 1.1583290393841679
502 2515.1656233228337 2249.839528625226 101.93727094003577 70.2556226607823 136.0 5.446470386564305 1.6960341947302546 0.68859939110031 62.16358230704551 0.2101363770725032 2.104397568908112 -0.0001512477801036154 1.681745503615897 207.57320363246922 13.405377 25.60707177958406 0.06794723075749302 279.39890227109953 11.3792 25.284438261289562 0.04334250498867745 249.8424710952216 6.5358887 25.405834333294788 0.028037745586343765 217.95198723898852 4.7414417 25.554097917063178 0.023366423208544672 252.59845126841972 4.573251 25.39392329129694 0.019481239209294187 345.82513256906583 6.3743563 25.05285861976459 0.019830423071831266 201.02492803206775 19.435432 25.641875211728625 0.1002014946690813 1.161098979604539 1.1730018162040312 1.1887250144083021 1.1993875002233467
503 266.8739813390375 2245.4886862884546 102.00957960161632 70.25040793349314 81.0 2.5486299620201356 2.217694034334943 0.12984855887940705 23.813437728980773 0.17905266008778098 2.9044198135841097 0.0003916571586740896 2.8214852870390175 222.58711214059232 20.661076 25.531249962629722 0.09637399197338477 271.38295686881474 16.149706 25.316043574909585 0.0627615388600651 263.5702959480757 9.614421 25.34775883945093 0.038899838529091096 201.70680805004807 5.401562 25.63819860785591 0.02869273589574075 207.2092471707977 5.266288 25.60897716785709 0.02724949632561265 250.86053027598294 7.411197 25.401419160102968 0.03161132846411458 166.57326455954498 22.75982 25.845986756813065 0.13905303807133287 1.0980162829349225 1.1106601968790584 1.124643336798135 1.1320788321332715
504 770.8135870321964 2270.3338692718066 101.99353790718399 70.25183877046992 1558.0 5.67854105317013 5.485348791826893 0.03402146071223422 -2.6451902376575402 0.7571500168653862 1.207568342798907 -0.000507206745716607 0.9659467743578026 24739.529280125666 44.048943 20.416521419910815 0.0019314436477275028 32711.02013397057 40.421047 20.113264779121526 0.001340817256414664 29249.803874285706 23.687714 20.23469260400587 0.0008789187416642611 22957.715877639443 14.739933 20.497678308006904 0.0006968700046206325 26211.653567069232 15.252635 20.35376395160132 0.0006316092043605295 32452.643842909547 16.816685 20.12187479110244 0.0005624735683798694 21750.201129964593 38.772102 20.55634180663199 0.0019337200122243297 0.9986104528209208 0.9991573142163009 0.9995645666022579 0.9997198945571925
505 2022.6093811906774 2259.574921236579 101.95318807433897 70.25459890118806 13.0 1.05363206597837 0.9008113598788374 0.14504181396342375 47.10943344247132 0.18665583566330726 3.4540291742132183 0.0019600582999028176 5.592212756104784 30.935655895180492 13.628072 27.673851679178007 0.3963054642972411 51.169436404512204 11.416658 27.12747341612737 0.21866805802784017 51.62677215075452 6.572068 27.11781256850426 0.13009839908625653 61.49097236357019 5.7837877 26.927971598385525 0.09760199262912882 81.97022421740434 5.729315 26.61585969240885 0.07335296884125739 195.18882324273034 8.24775 25.673862635512688 0.044935216569491836 100.0141786365023 25.184294 26.399846068322603 0.24384364291507205 1.3222261265444055 1.3447680165724356 1.3698646474622147 1.384291315906829
506 2074.389928645768 2283.931678872223 101.95168721594366 70.25498251516872 469.0 3.9983585301257687 3.882042237103846 0.02909101126012925 -84.60668545121038 0.5995772152215344 1.4269598264618086 0.0004766149617976552 1.0203690061737993 2621.9244753674297 17.489698 22.85344955583639 0.00721841715064035 3443.2856667369783 15.471538 22.557567363118487 0.004867554859543057 3036.5519375958766 9.056919 22.694048215615528 0.0032335325496066344 2544.264334468704 5.9078913 22.886094424935774 0.002518203632165554 2740.6002858022325 5.778585 22.805385753297415 0.002286876272257242 3604.8964579013254 7.380013 22.50776801211026 0.0022204678107765473 1962.1091806204927 19.719479 23.16819207544095 0.010857336575258152 0.9892112592294591 0.9925394181286671 0.9955103647739101 0.9969863925937393
507 1303.5518562758173 2286.9674395527527 101.97651151513509 70.25324512199512 572.0 3.9813915191963556 3.9303076947752444 0.012830645811849783 46.03780106093978 0.6706624485914251 1.3354346319565102 -0.0005957293281189649 0.995613162139578 4029.6563924280676 22.408384 22.38682996109543 0.006020909846244242 5935.09368727803 19.966078 21.9664310529585 0.0036463641500288895 5893.45667104441 12.15894 21.974074762682804 0.0022377024783774143 5250.5043360832315 7.5592256 22.099497446314544 0.0015620256470902027 6618.995804253491 7.9531083 21.84801973552172 0.0013037920443634019 9015.516249348293 9.602792 21.512523498803226 0.0011558461801173749 6028.480693652193 23.563606 21.94948031397026 0.004235559777892161 0.991458977198579 0.9944449642612669 0.9964440495467154 0.9973690731586793
508 838.1806235144156 2285.213726213636 101.99147200664507 70.25215558024058 16.0 1.286725790239836 0.9527043407263833 0.2595902344128763 72.90082782910245 0.1430071712896391 3.081904883313346 -0.0005855326475636828 4.036805368020047 35.989945283021044 12.869319 27.509547034055416 0.3319143420037961 50.21401625608822 10.484671 27.147937602902473 0.20588584292870024 66.36263222294777 6.014145 26.845190990870627 0.09418908846391837 49.94664509722889 4.8293796 27.153734194755824 0.10021047061583098 54.46148102270069 4.695646 27.05977638163442 0.08979406373611634 65.87323166752309 6.542226 26.85322757507827 0.1028057720869689 45.95521546007442 20.83752 27.244162983437 0.40598606848673435 1.4613038243189231 1.4896815186856005 1.5250293101304337 1.5477766655503227
509 1245.729907819638 2285.3240219675654 101.97836072768173 70.25309431874 10.0 1.1232526022048148 0.8499772538934489 0.2432893080104671 21.8739411637787 0.10155853098796734 3.465238349486 0.0004392156992421275 8.213698441212822 55.64301796521846 20.986761 27.03647330695807 0.34746725105584175 71.69617112601645 17.080431 26.761260092115155 0.23200638405481439 75.72778911393601 9.68614 26.701861805734378 0.13068355639894824 57.51154239582473 7.1646147 27.00061246237357 0.1274729801215742 68.61595124989618 7.0004654 26.808937278717107 0.10547751097061092 73.05968099973617 9.634866 26.740805570946605 0.13449774900291586 9.569527105630472 29.978785 28.947773807723408 1.5405936777849876 1.327744528097071 1.352566815326845 1.3691817305548217 1.3833547992494997
510 714.1295530648089 2304.7928523615624 101.99559625924587 70.2520828440964 1934.0 12.789165737062003 5.4961881318018 0.5702465473667078 -6.357340397910717 0.5541275480516581 1.380079176617306 -0.00017292925737757826 1.0341350572535926 8202.54499193222 40.64081 21.615128446946585 0.0053661692250639775 11752.157314263348 34.29238 21.22470600929296 0.0031635266035634295 11358.560892000933 20.578665 21.26169172355504 0.0019652828698559673 9752.730554077356 11.455075 21.42718443548581 0.0012745037436854621 12109.936861212913 11.634122 21.19214530293888 0.0010425755098323083 15999.485024833999 14.86822 20.889734989371465 0.001008499270617853 10803.897657519708 40.690746 21.31604884605619 0.00408152961525344 1.0025206120379473 1.0036726144326409 1.0049418297524828 1.0052750068049143
511 242.6249416241114 2293.7866146335873 102.01068907026075 70.25087701097172 40.0 1.9921552766863757 1.6729206462366142 0.16024585743173403 85.88386816300563 0.13919434393784208 3.3053996402031998 0.0010092461043901897 4.706108117692842 137.73406965430394 23.971186 26.052396550361227 0.17420688996331635 170.53691761083047 19.348598 25.820453977468595 0.1166835801891808 173.06975634846668 11.237573 25.804447044328494 0.06830355670726102 111.22042713197906 6.4723845 26.284538603468206 0.06141344824900424 163.28396167149634 6.408167 25.867641177773116 0.04179542111001988 198.77276419816968 8.887405 25.654107806999274 0.047490817902364216 95.7274241860772 27.955246 26.447409067091435 0.27818119849839734 1.1576867986362467 1.1686576056185751 1.1822177829176277 1.1922574642986392
512 2658.12732255059 2301.9417774117296 101.93302331702796 70.25651673201831 378.0 2.9045083040428894 2.8678527205263156 0.012620237120875677 19.662751188820028 0.7494174929655619 1.2914417206007416 0.00016985467634392747 0.979875395405097 3502.5852667113836 16.92191 22.539028208691118 0.005232845997613051 4666.153021335823 15.515251 22.227602557751894 0.0036041522487936534 4134.817899715523 9.086887 22.358859030810724 0.002383451314056306 3572.13837568267 6.147424 22.517679314946257 0.0018668774112791829 3919.5536704338333 6.1236396 22.41690846095888 0.001694955462147199 4998.874356092457 7.2899837 22.152819447147067 0.001582202913963391 2994.516525011835 17.843164 22.709183214880177 0.0064502832862668065 0.9851891265563567 0.9884386118262348 0.9908579706484616 0.9919447817097629
513 2547.03700532111 2304.6828541233517 101.93661728309051 70.25629197179721 43.0 2.3151300116381583 1.440424945628118 0.37782114249001053 -89.50348752873812 0.1486057725125871 2.1696658825603414 -9.200643533679644e-05 1.9722645093610354 -1.032467302332049 8.552993 99.0 29.807117462158203 38.61922878904059 7.2769957 27.432991007904263 0.18743340565041866 74.99241376840708 4.3172774 26.712456669025997 0.06077231576786044 64.74049309039317 3.5435688 26.872059992885767 0.057858361925988436 104.93272377279898 3.4591165 26.347722634670497 0.03521410872500576 154.51668905275935 4.864359 25.927561515968605 0.033653211096561095 123.53673949129632 14.99304 26.170509662984408 0.124367520950966 1.316703186911536 1.3384555955075645 1.3640309667387276 1.3809510975044135
514 994.0940121619856 2314.1957826373928 101.98665331846846 70.25282940480854 554.0 5.240629713858334 4.2197780531411775 0.19479560977521737 34.94480519888153 0.5090005356821542 1.4620311621728876 0.00018179984870113092 1.064501485740934 2046.8063128569988 21.887537 23.122308130565592 0.011548688700132172 2730.0101470629547 18.155884 22.809589346862154 0.007196764524276407 2393.493929220189 10.739315 22.952419174277424 0.004860669130186599 1818.6833765045046 5.966401 23.25060725702236 0.0035560533189824524 1997.551944656382 5.8190727 23.148754796012007 0.003158262455349143 2552.002403499212 7.5665145 22.882797302320412 0.0032143715548761066 1480.2618844642914 21.68965 23.474153608613477 0.01579340560360482 0.9974441441095202 1.0006566279560016 1.00392444318322 1.0055611822382973
515 2995.600289329619 2314.8856329042587 101.92224914559165 70.25743034591505 451.0 3.9903167117083767 3.9098329817227135 0.020169759896378148 -84.27065362339991 0.5838469201205156 1.41034135801253 -0.0003193090406723261 1.0291513584011387 2068.403135274767 17.190317 23.110912031495346 0.008986168039335047 2699.422535103737 14.9783745 22.82182282723282 0.006007807765899404 2386.4098326196463 8.793102 22.955637425594556 0.003993213452731004 2003.2122219358057 5.4912353 23.145682596894147 0.002972164485240426 2193.201514589555 5.3915067 23.047303657179235 0.0026657699420097173 2821.2681280409993 6.968519 22.773889093371732 0.002678456869682874 1636.2111404324048 19.22234 23.365401636735022 0.01268097242081763 0.99538685536656 0.9991893216923566 1.0026376777090642 1.0043616105897784
516 2188.12011845977 2308.8051261898536 101.94819619237899 70.25551384968507 31.0 1.5356448868626986 1.243116833086463 0.19049199217787027 22.73576559436001 0.31695208084414306 2.5261157830154692 0.0008650048931511524 1.8049022472700111 41.68316772437123 6.87444 27.35009821029946 0.1657414208634531 85.63416726770271 5.9517355 26.56838230281688 0.07295387993679606 73.51589071356884 3.3934748 26.734046941292966 0.04899501318076466 57.43553485718972 3.1249127 27.00204832573835 0.05752101656177959 56.141078434505545 3.0028784 27.02679812274983 0.05657406381740206 73.11468504809459 4.19384 26.739988466126597 0.06055693536171826 75.68784626571434 13.238494 26.702434631616363 0.17501067922414248 1.4871873825327881 1.5131121674033767 1.5433473562137714 1.5636674621006663
