MACS0647.ecsv
# %ECSV 0.9
# ---
# datatype:
# - {name: id, datatype: int64}
# - {name: xcentroid, unit: pix, datatype: float64}
# - {name: ycentroid, unit: pix, datatype: float64}
# - {name: sky_centroid.ra, unit: deg, datatype: float64}
# - {name: sky_centroid.dec, unit: deg, datatype: float64}
# - {name: area, unit: pix2, datatype: float64}
# - {name: a, unit: pix, datatype: float64}
# - {name: b, unit: pix, datatype: float64}
# - {name: ellipticity, datatype: float64}
# - {name: orientation, unit: deg, datatype: float64}
# - {name: gini, datatype: float64}
# - {name: F105W_flux, unit: nJy, datatype: float64}
# - {name: F105W_fluxerr, unit: nJy, datatype: float64}
# - {name: F105W_mag, datatype: float64}
# - {name: F105W_magerr, datatype: float64}
# - {name: F125W_flux, unit: nJy, datatype: float64}
# - {name: F125W_fluxerr, unit: nJy, datatype: float64}
# - {name: F125W_mag, datatype: float64}
# - {name: F125W_magerr, datatype: float64}
# - {name: F140W_flux, unit: nJy, datatype: float64}
# - {name: F140W_fluxerr, unit: nJy, datatype: float64}
# - {name: F140W_mag, datatype: float64}
# - {name: F140W_magerr, datatype: float64}
# - {name: F160W_flux, unit: nJy, datatype: float64}
# - {name: F160W_fluxerr, unit: nJy, datatype: float64}
# - {name: F160W_mag, datatype: float64}
# - {name: F160W_magerr, datatype: float64}
# - {name: TOTAL_flux, unit: nJy, datatype: float64}
# - {name: TOTAL_fluxerr, unit: nJy, datatype: float64}
# - {name: TOTAL_mag, datatype: float64}
# - {name: TOTAL_magerr, datatype: float64}
# meta: !!omap
# - __serialized_columns__:
#     F105W_flux:
#       __class__: astropy.units.quantity.Quantity
#       unit: &id001 !astropy.units.Unit {unit: nJy}
#       value: !astropy.table.SerializedColumn {name: F105W_flux}
#     F105W_fluxerr:
#       __class__: astropy.units.quantity.Quantity
#       unit: *id001
#       value: !astropy.table.SerializedColumn {name: F105W_fluxerr}
#     F125W_flux:
#       __class__: astropy.units.quantity.Quantity
#       unit: *id001
#       value: !astropy.table.SerializedColumn {name: F125W_flux}
#     F125W_fluxerr:
#       __class__: astropy.units.quantity.Quantity
#       unit: *id001
#       value: !astropy.table.SerializedColumn {name: F125W_fluxerr}
#     F140W_flux:
#       __class__: astropy.units.quantity.Quantity
#       unit: *id001
#       value: !astropy.table.SerializedColumn {name: F140W_flux}
#     F140W_fluxerr:
#       __class__: astropy.units.quantity.Quantity
#       unit: *id001
#       value: !astropy.table.SerializedColumn {name: F140W_fluxerr}
#     F160W_flux:
#       __class__: astropy.units.quantity.Quantity
#       unit: *id001
#       value: !astropy.table.SerializedColumn {name: F160W_flux}
#     F160W_fluxerr:
#       __class__: astropy.units.quantity.Quantity
#       unit: *id001
#       value: !astropy.table.SerializedColumn {name: F160W_fluxerr}
#     TOTAL_flux:
#       __class__: astropy.units.quantity.Quantity
#       unit: *id001
#       value: !astropy.table.SerializedColumn {name: TOTAL_flux}
#     TOTAL_fluxerr:
#       __class__: astropy.units.quantity.Quantity
#       unit: *id001
#       value: !astropy.table.SerializedColumn {name: TOTAL_fluxerr}
#     a:
#       __class__: astropy.units.quantity.Quantity
#       unit: !astropy.units.Unit {unit: pix}
[...]
#     orientation:
#       __class__: astropy.units.quantity.Quantity
#       unit: &id002 !astropy.units.Unit {unit: deg}
#       value: !astropy.table.SerializedColumn {name: orientation}
#     sky_centroid:
#       __class__: astropy.coordinates.sky_coordinate.SkyCoord
#       dec: !astropy.table.SerializedColumn
#         __class__: astropy.coordinates.angles.Latitude
#         unit: *id002
#         value: !astropy.table.SerializedColumn {name: sky_centroid.dec}
#       equinox: !astropy.time.Time {format: jyear, in_subfmt: '*', jd1: 2451545.0, jd2: 0.0, out_subfmt: '*', precision: 3, scale: tt}
#       frame: fk5
#       ra: !astropy.table.SerializedColumn
#         __class__: astropy.coordinates.angles.Longitude
#         unit: *id002
#         value: !astropy.table.SerializedColumn {name: sky_centroid.ra}
#         wrap_angle: !astropy.coordinates.Angle
#           unit: *id002
#           value: 360.0
#       representation_type: spherical
#     xcentroid:
#       __class__: astropy.units.quantity.Quantity
#       unit: &id003 !astropy.units.Unit {unit: pix}
#       value: !astropy.table.SerializedColumn {name: xcentroid}
#     ycentroid:
#       __class__: astropy.units.quantity.Quantity
#       unit: *id003
#       value: !astropy.table.SerializedColumn {name: ycentroid}
# schema: astropy-2.0
id xcentroid ycentroid sky_centroid.ra sky_centroid.dec area a b ellipticity orientation gini F105W_flux F105W_fluxerr F105W_mag F105W_magerr F125W_flux F125W_fluxerr F125W_mag F125W_magerr F140W_flux F140W_fluxerr F140W_mag F140W_magerr F160W_flux F160W_fluxerr F160W_mag F160W_magerr TOTAL_flux TOTAL_fluxerr TOTAL_mag TOTAL_magerr
[from data line 319]
505 1689.7517236097406 2137.7275102686567 102.00268142972526 70.242082948751 19.0 1.4818922747925116 0.9551005976960854 0.35548581098459764 -14.721346216798329 0.09616419337293908 125.7758664283189 35.07548441181016 26.151006705702375 0.26706848691905644 145.38537732697506 35.68189416395704 25.99369818014292 0.23829807324711677 144.4456649351603 33.3521688533481 26.000738718886424 0.22555488241470675 150.23373720561304 28.269135242997436 25.958081322840926 0.1871943456497447 141.94546644025755 14.948968101126427 26.01969618434093 0.10871503006997918
506 2564.9867613450006 2174.4126436768265 101.95593377250161 70.24275047158746 234.0 4.8034135643695635 2.8322607537290345 0.41036500068659776 -30.866657682793402 0.36319609303191086 530.997931522684 65.70726379992918 24.587267926722095 0.1266674745337862 706.196414656672 74.0859048486649 24.277686229176624 0.10831564493956491 848.9918451059339 76.28991147671627 24.077741203254966 0.09342620184991146 852.2896504063717 63.04436741871903 24.073531963214435 0.07748097058686751 735.6905791168488 31.675304187609314 24.233262013195926 0.04576823014714443
507 3730.347312643615 2198.531483387298 101.89368683654963 70.24317397551376 402.0 3.675628920322244 3.0365043358769404 0.17388169434396306 77.7576736516929 0.6685589276920748 1709.3605593333327 142.82413773214523 23.3179158022197 0.08712653146039706 2509.5847224650583 135.24792394049064 22.900995345364272 0.05699083776486826 3107.3116230816727 186.0569239784892 22.669037976133282 0.06313880989643744 3688.8183621380063 181.69536034971955 22.48278182239875 0.05220335124759146 2647.5575178560343 76.24421548126385 22.842886490311678 0.03082522009918553
508 2552.209440328472 2143.4880102274833 101.95661632652158 70.24219212222043 16.0 1.3738379783373293 0.8916337373422379 0.35099061796113196 -13.767367422005012 0.1616396071188028 14.329272305620727 10.693034696854804 28.509439660377534 0.6052580309109359 25.22863256822255 13.748886262109071 27.895265720730368 0.4723011957942003 25.142359593418348 13.023188342806108 27.89898491623601 0.45316367087038467 33.39064649592878 12.292738340670065 27.59093793058387 0.3403336175288585 26.070336097290852 5.852653433391713 27.85963342473952 0.21989231344467858
509 3170.3169227239987 2171.8880347578206 101.9236012684533 70.24270135332539 187.0 3.893977048959199 2.5020660195310227 0.3574522941269551 -34.41106663617102 0.3827120929820444 345.31690425414496 47.33113370328109 25.054455402920155 0.13946398203514856 432.5076808482888 53.69038631452682 24.810015438877056 0.12704850890619057 472.2562639263318 53.355596862963765 24.714555682400444 0.11621857443245649 566.0685390814986 47.393357850697754 24.51782745408414 0.08729643707997072 456.2255971808525 22.694154044542096 24.752050879177734 0.05270774977192039
510 2199.0785846056137 2158.0416935516014 101.975477848764 70.24245420701142 65.0 2.038011815999831 1.8515025844559816 0.09151528469051073 -32.43492013456851 0.30445796897966043 101.6624375635951 31.15704434805971 26.382098703538645 0.29025315817772634 160.91350996888917 39.92600963848938 25.883518729736434 0.24064166449816082 176.10775670156656 38.95587761677913 25.785553787559095 0.2169712390266723 181.72476363762843 31.579804222012264 25.75146471835115 0.1739651079709139 167.08193341288538 16.26992042709325 25.842676269690244 0.10088953318476934
511 2299.8099622026666 2161.3816693606846 101.97009757776215 70.242514910339 73.0 2.1910604582387094 2.015782140420057 0.07999702480120074 -29.304888791310038 0.26248245428039607 169.59969924379493 37.22669893357679 25.826437305564948 0.21545222782734924 189.54049642772603 38.55859627244764 25.70574496560993 0.20105386012452817 189.28251441888614 36.42823010750955 25.707223758832384 0.19110434214329053 211.96570336087473 31.84137692759762 25.584336008598733 0.15195179262462677 190.96283947401136 16.25438444304106 25.69762784080124 0.08869246874055822
512 3014.471247985801 2153.03392235784 101.9319259106472 70.24236239684963 17.0 1.2633212258323336 0.9366222879206078 0.25860322080512954 70.17642479970758 0.19626605468494226 25.593873343312918 13.838247193240647 27.879659958950256 0.469285290712754 23.428381151691333 12.338088127820674 27.975644297839295 0.45933447403596667 21.63929522279987 10.385312282225394 28.061892220031197 0.42560175932466937 36.461143907055025 11.492843795113576 27.49542427552126 0.2974860944359486 29.831720686370716 5.733705645663618 27.713304239789288 0.1908742874548158
513 3272.16927175831 2164.289231645619 101.91816130393907 70.24256298744274 71.0 2.3096025580814272 1.9684466982908249 0.14771193363848645 12.78792853801696 0.269840096180158 115.0402252350234 26.76530141417415 26.247875691659065 0.22710858447621604 125.93622643970933 27.86969746243281 26.14962331015921 0.21705596723084652 124.40250861987865 26.435018872273513 26.162927154643832 0.20920066688624817 144.33364812913288 22.4857818957075 26.001581027891554 0.15719761038942148 130.0230104967522 11.514505538972145 26.11494945678212 0.09212838059878162
514 3426.8997533718493 2180.0735889256716 101.9098960544032 70.2428458979382 117.0 2.9596562350487505 2.11185612982459 0.286452222114301 69.63276656448966 0.369853977363743 286.9439726568103 44.57056628237371 25.2555072332638 0.15676368232996726 320.0509893108264 47.566432740027246 25.13695206504199 0.15044227803811153 304.9989270799952 43.59526427155466 25.18925422101055 0.14505458640083368 320.89007212800374 34.92108872892745 25.134109297840247 0.11215821442303987 316.8831771595464 18.960009345354788 25.147752040559347 0.06309339524915061
517 1752.1071023937907 2157.5128713270065 101.99935163424485 70.24244095288229 13.0 1.0080892227074838 0.8396423823873038 0.16709517027448473 83.65361675885947 0.19524476215835693 10.742455971575332 10.44509974618605 28.82224104403825 0.737443188113756 16.868217715220332 13.349637464631192 28.332327005639755 0.6329860943789057 17.488794479587046 13.049067533846133 28.29310031462623 0.6051968855995769 28.35951178425788 12.819688313598393 27.7682531247686 0.40494789035336587 21.357689108399626 6.136954153932882 28.076114348884364 0.2742345718036752
519 2095.575522575137 2157.800636784338 101.98100618834094 70.24244927800066 14.0 1.0024109704696385 0.9347337150623194 0.06751447998979065 -4.731962256910522 0.17354080513022296 23.245351139135188 14.134657152021195 27.984159722687284 0.5157582061184953 41.735748667027735 18.60150078784271 27.348729479005584 0.4001932501575751 40.638013948392256 17.491064075944244 27.37766881236216 0.38865239920786854 36.18603198620554 13.665737335027442 27.50364759313969 0.34784903500521847 37.584342227901224 7.405291252948468 27.46248261509404 0.19526375282609323
520 2255.6287683391083 2168.539047727623 101.97245748886047 70.24264398590861 33.0 1.5649414421501096 1.254383345788226 0.198447103512832 -42.911658165725235 0.29144489682667485 58.811700629860056 23.278244172017956 26.976340655325654 0.3620655644306012 66.42661282958795 24.849953079950364 26.844144730439226 0.3450429611723088 84.99090081049604 25.78734384480826 26.576568919223714 0.2877051172750461 85.6099330521475 21.18246126535679 26.568689606430244 0.24004041551274458 77.20575903763915 10.874448165317654 26.68087575741901 0.14307157645503854
521 2003.5864156374887 2174.94960475651 101.985919941585 70.24275825721845 51.0 1.9211484192019337 1.793575025069496 0.0664047571011891 -42.77665267872458 0.21831490153725022 84.74392056981637 26.971287637510063 26.579728619469552 0.3000093676330251 99.1183646082484 28.68649607680115 26.409614680408488 0.2759831085589771 118.62617927517478 30.719304551623246 26.214548642941544 0.25002887837433724 119.83500684562374 25.04508940741693 26.20354073744116 0.2060625520298576 103.5297576312595 12.352325177330492 26.3623370067361 0.12237773773896507
522 1855.9350213654457 2177.428197096479 101.99380654320989 70.24280167813637 34.0 2.1098266905088416 1.088796959353326 0.4839400960034621 -50.982529220561894 0.27605624352458363 67.47005296012449 24.05757690199205 26.827222372370734 0.3311029131461305 55.079945573175614 21.106961442987124 27.047516243899132 0.35221710075201407 64.21689759126569 22.53671956736243 26.88087669910145 0.32659567805506085 70.30404673295577 18.87680680492128 26.782549190181197 0.25822825169914415 64.28528367087782 9.61617107091281 26.879721088374588 0.15135355716659188
523 3595.555316039918 2180.861337242013 101.90088755306323 70.24285741677915 57.0 1.8387134226508293 1.6493659044781852 0.10297826504125163 -46.19307053176799 0.3634129257302237 152.6278624314947 40.437044521177754 25.94091544518447 0.2551737953260964 163.97605319026624 33.3681852363717 25.863048927543666 0.20111005617077332 178.83910599837532 43.81844598024052 25.768843774500265 0.23793734920720933 207.15268686654878 40.07855739539313 25.609273573320102 0.1920319597615315 166.91240252917123 18.330014030282197 25.84377847900503 0.11312957375361307
524 3123.5578731094156 2205.720416341118 101.92609781966547 70.24331269559912 312.0 7.405280333468958 2.2631038687168306 0.6943932212142612 21.189260020976977 0.38175669101016485 868.0816862287808 79.8379558652391 24.05359851479719 0.09552732102646316 947.5392315058613 81.41448540738715 23.958506999115315 0.08949659991537093 994.4344886299266 78.75221251221417 23.906059555138853 0.08274776085150401 1021.3812502656939 64.6186700708595 23.877030297131505 0.06660478061947599 978.6544703615233 34.175523040019094 23.923426539396736 0.03726792396281422
525 3358.419268680096 2170.5898701176407 101.91355421010856 70.24267563364036 13.0 0.9847527553971778 0.8829044774917337 0.10342522764951878 -36.71227127872148 0.16024920932825568 20.14122473742066 10.840177697379376 28.139785311549893 0.46753799422901454 16.436318985346883 9.805784908495475 28.360488597061604 0.5079852234451014 27.80088710995542 12.700429663498566 27.78985336444837 0.40852622237076114 25.025093730415517 9.368017795104052 27.90406071803559 0.3452393879799196 22.93858209880953 4.826283153418697 27.998583576559227 0.20732250182481987
526 2698.5541809786173 2653.101554899796 101.94879503801519 70.2513931847212 12149.0 18.52186182692409 15.847412084946242 0.14439421732917612 -84.24295105755048 0.7576282327120146 124171.25035168066 1101.9206865719775 18.66494736424208 0.00959254137559896 166985.56460880802 1218.7307706415627 18.343302676647625 0.007895381755596809 204341.8826068604 1280.0132598113319 18.1241065244267 0.0067799221675874126 245853.88321237132 1148.8140264890117 17.923307319315306 0.005061558634083762 187925.21603026544 542.1771255518737 18.21503735459108 0.0031279133935039295
527 2228.5725263787463 2313.8540750167176 101.97390448217043 70.2452676192486 293.0 2.9099820933277587 2.852580926649982 0.019725608212294632 72.59022455342182 0.6679747614162838 1249.264475637526 119.04851047163577 23.65836402385877 0.0988276455955592 1610.9170712470468 129.51263865077487 23.382317040365372 0.08395826106806224 1857.4834290208557 133.6631351376878 23.227687629943908 0.075445701738447 2128.7980413860837 116.17690148994613 23.079663845079573 0.05769259013015607 1743.3670374509454 56.867247789446886 23.296527924137465 0.03485049545953049
528 3130.157601863072 2182.263549227895 101.92574599167526 70.24288910326607 41.0 1.8651566689918861 1.3636201105604013 0.2688978179525071 6.41735691509511 0.2559664451818423 71.06900174825644 21.37098158756455 26.770799461790315 0.28544910808207835 84.74860103651203 23.581390115433347 26.579668655146644 0.26654042433333913 84.49929390727746 22.245074172039796 26.58286730021317 0.2537297266315184 95.63546960945656 19.112786566387772 26.44845251306713 0.1978177488308453 83.65763190728936 9.646234542495943 26.593736082837932 0.1184851853181679
529 3561.9147438557447 2189.931585291565 101.9026839583743 70.24302176046565 71.0 2.1578314776541165 1.8128456664219583 0.15987616030479312 -42.03099953382267 0.3397961736170031 195.85822663299507 47.97248000924786 25.670145455155236 0.23786644836869844 224.59372604790363 39.190649677557666 25.521505949447665 0.17462861988094874 252.56300509737446 51.48487349093596 25.39407565918171 0.20143060314968178 282.0069667122224 47.466678172092486 25.27435040679643 0.16890210784618742 229.62468199287085 21.757264494830014 25.497453580349926 0.0982887921425748
530 2574.2099432498385 2226.5039595178055 101.95544094973211 70.24369099890909 472.0 7.615315320854647 3.0034615133014997 0.6056024751757187 -34.65871509434204 0.41890133313050315 1845.6539240063007 124.05144978579034 23.234624324072488 0.07062749847966332 1894.4112085771915 122.33675515738732 23.20631436344759 0.0679434312420286 2072.852738525267 120.41645140304894 23.108578875876763 0.061308720603919405 2173.74540736885 101.18429790628008 23.056978306385062 0.04939826042528205 2049.956890168771 52.77632601355265 23.120638179749243 0.027598617659062512
531 1701.1620528212513 2224.3831612244294 102.00207522819656 70.24364770945998 156.0 5.051994141068057 2.0317041511788663 0.5978411505541973 -61.78194795196325 0.32448933570628313 278.13315789110317 55.85334876694707 25.289368083118887 0.19869038635793704 307.65889979230406 57.542391507724226 25.179826293388658 0.18615705456050763 384.42016524427896 60.33931104955486 24.93798459735384 0.15829762279224227 428.38872142872583 52.51640881758173 24.82040492936789 0.12555345463598938 361.06198681053235 25.882539518081078 25.00604558097833 0.07516734988064967
532 2457.5012579001404 2200.540187730056 101.96167496217419 70.24322223975358 123.0 4.2054622295102995 1.6630851158241367 0.6045416591417603 -28.98389912834428 0.32018013731563383 170.08732677580207 37.11725103208711 25.82332011127105 0.21431847658366848 270.46128173115653 47.099405422102556 25.319737245377326 0.17430407792954514 303.2828030100648 47.18728133173737 25.19538053678165 0.15700791950153684 344.62718879108024 40.13432749496219 25.056626156481876 0.11960522536659544 280.8941295942256 19.701218262237678 25.27864334255742 0.0735989799918521
534 3070.1893237496197 2189.09818833754 101.92894892415777 70.24301307755354 59.0 2.3084944249957777 1.6840198011044945 0.2705116447887568 -26.177507663287635 0.24555879677031694 73.33389820427895 21.491014642073065 26.73673807158262 0.27904420211919784 122.20793111792612 28.382603087400344 26.182251520238186 0.2267457050195283 111.06048637126143 25.376565181728623 26.286101072343833 0.2234318863395479 149.13128466478912 23.89109938409602 25.966078102432636 0.16133383193182593 118.16751546472146 11.37414323775523 26.218754739123003 0.09977837320117074
535 2452.515332500215 2189.84244200387 101.96194125893356 70.24302908253858 46.0 1.8066611956232055 1.4858184161790968 0.17758879208862088 -84.5489016120012 0.292457964932344 73.70194113599104 23.977948453085087 26.731302684234738 0.305815584332689 72.50044726941661 23.893021786135545 26.74914828543319 0.3092673108225608 76.83209031817701 22.91670575942727 26.686143377744965 0.2834125343810725 103.70121675470403 21.631072668256298 26.360540369713178 0.20569780202035925 86.99905599744676 10.721963534122585 26.55121364941104 0.12618362280025586
536 2553.293603254096 2181.9047064860574 101.95655832179419 70.24288575608215 32.0 1.9684873005795158 1.1592021863890154 0.41112031251217607 18.319963246587196 0.15833676387804912 57.266595051341 21.57430670588824 27.005246595838752 0.3471255532346471 47.63267916869551 19.284364011816695 27.205237475705736 0.3690793327781033 60.40668400960116 19.751271352877023 26.947287509909017 0.30715408703911273 68.52883690411991 17.69987665511789 26.810316597802533 0.2494463651446987 56.1954780143498 8.718006132081571 27.02574657550921 0.15658387537293722
